0 0.05048076923076923 0.2548076923076923 0.08173076923076923 0.08173076923076923
0 0.5048076923076923 0.2548076923076923 0.08173076923076923 0.08173076923076923
0 0.3004807692307692 0.47475961538461536 0.08173076923076923 0.08173076923076923
0 0.125 0.3798076923076923 0.08173076923076923 0.08173076923076923
0 0.9098557692307693 0.46033653846153844 0.08173076923076923 0.08173076923076923
0 0.33052884615384615 0.5348557692307693 0.08173076923076923 0.08173076923076923
0 0.11538461538461539 0.31490384615384615 0.08173076923076923 0.08173076923076923
0 0.5853365384615384 0.31009615384615385 0.08173076923076923 0.08173076923076923
0 0.7644230769230769 0.05048076923076923 0.08173076923076923 0.08173076923076923
0 0.625 0.43509615384615385 0.11057692307692307 0.11057692307692307
0 0.34975961538461536 0.31009615384615385 0.10096153846153846 0.10096153846153846
0 0.3954326923076923 0.1201923076923077 0.10096153846153846 0.10096153846153846
0 0.16947115384615385 0.5949519230769231 0.10096153846153846 0.0985576923076923
0 0.6754807692307693 0.6454326923076923 0.10096153846153846 0.10096153846153846
0 0.5504807692307693 0.6754807692307693 0.10096153846153846 0.10096153846153846
0 0.5552884615384616 0.875 0.10096153846153846 0.10096153846153846
0 0.5348557692307693 0.9399038461538461 0.10096153846153846 0.10096153846153846
0 0.9663461538461539 0.9519230769230769 0.0625 0.07692307692307693
0 0.7548076923076923 0.4495192307692308 0.10096153846153846 0.10096153846153846
0 0.4699519230769231 0.3401442307692308 0.10096153846153846 0.10096153846153846
0 0.7199519230769231 0.06490384615384616 0.08173076923076923 0.08173076923076923