0 0.7451923076923077 0.9495192307692307 0.08173076923076923 0.08173076923076923
0 0.7451923076923077 0.4951923076923077 0.08173076923076923 0.08173076923076923
0 0.5252403846153846 0.6995192307692307 0.08173076923076923 0.08173076923076923
0 0.6201923076923077 0.875 0.08173076923076923 0.08173076923076923
0 0.5396634615384616 0.09014423076923077 0.08173076923076923 0.08173076923076923
0 0.4651442307692308 0.6694711538461539 0.08173076923076923 0.08173076923076923
0 0.6850961538461539 0.8846153846153846 0.08173076923076923 0.08173076923076923
0 0.6899038461538461 0.41466346153846156 0.08173076923076923 0.08173076923076923
0 0.9495192307692307 0.23557692307692307 0.08173076923076923 0.08173076923076923
0 0.5649038461538461 0.375 0.11057692307692307 0.11057692307692307
0 0.6899038461538461 0.6502403846153846 0.10096153846153846 0.10096153846153846
0 0.8798076923076923 0.6045673076923077 0.10096153846153846 0.10096153846153846
0 0.4050480769230769 0.8305288461538461 0.10096153846153846 0.10096153846153846
0 0.3545673076923077 0.3245192307692308 0.10096153846153846 0.10096153846153846
0 0.3245192307692308 0.4495192307692308 0.10096153846153846 0.10096153846153846
0 0.125 0.44471153846153844 0.10096153846153846 0.10096153846153846
0 0.06009615384615385 0.4651442307692308 0.10096153846153846 0.10096153846153846
0 0.04807692307692308 0.03245192307692308 0.07451923076923077 0.06490384615384616
0 0.5504807692307693 0.24519230769230768 0.10096153846153846 0.10096153846153846
0 0.6598557692307693 0.5300480769230769 0.10096153846153846 0.10096153846153846
0 0.9350961538461539 0.2800480769230769 0.08173076923076923 0.08173076923076923