0 0.6045673076923077 0.16947115384615385 0.08173076923076923 0.08173076923076923
0 0.6153846153846154 0.41947115384615385 0.08173076923076923 0.08173076923076923
0 0.8449519230769231 0.33533653846153844 0.08173076923076923 0.08173076923076923
0 0.6201923076923077 0.6754807692307693 0.08173076923076923 0.08173076923076923
0 0.7548076923076923 0.96875 0.08173076923076923 0.057692307692307696
0 0.45552884615384615 0.8954326923076923 0.08173076923076923 0.08173076923076923
0 0.4951923076923077 0.5901442307692307 0.10096153846153846 0.10096153846153846
0 0.5300480769230769 0.7247596153846154 0.10096153846153846 0.10096153846153846
0 0.9194711538461539 0.057692307692307696 0.10096153846153846 0.09615384615384616
0 0.3401442307692308 0.08533653846153846 0.10096153846153846 0.10096153846153846
0 0.3894230769230769 0.3545673076923077 0.10096153846153846 0.10096153846153846
0 0.47475961538461536 0.34975961538461536 0.10096153846153846 0.10096153846153846
0 0.6454326923076923 0.125 0.08173076923076923 0.08173076923076923