0 0.16947115384615385 0.3954326923076923 0.08173076923076923 0.08173076923076923
0 0.41947115384615385 0.38461538461538464 0.08173076923076923 0.08173076923076923
0 0.33533653846153844 0.15504807692307693 0.08173076923076923 0.08173076923076923
0 0.6754807692307693 0.3798076923076923 0.08173076923076923 0.08173076923076923
0 0.96875 0.24519230769230768 0.057692307692307696 0.08173076923076923
0 0.8954326923076923 0.5444711538461539 0.08173076923076923 0.08173076923076923
0 0.5901442307692307 0.5048076923076923 0.10096153846153846 0.10096153846153846
0 0.7247596153846154 0.4699519230769231 0.10096153846153846 0.10096153846153846
0 0.057692307692307696 0.08052884615384616 0.09615384615384616 0.10096153846153846
0 0.08533653846153846 0.6598557692307693 0.10096153846153846 0.10096153846153846
0 0.3545673076923077 0.6105769230769231 0.10096153846153846 0.10096153846153846
0 0.34975961538461536 0.5252403846153846 0.10096153846153846 0.10096153846153846
0 0.125 0.3545673076923077 0.08173076923076923 0.08173076923076923