0 0.3954326923076923 0.8305288461538461 0.08173076923076923 0.08173076923076923
0 0.38461538461538464 0.5805288461538461 0.08173076923076923 0.08173076923076923
0 0.15504807692307693 0.6646634615384616 0.08173076923076923 0.07932692307692307
0 0.3798076923076923 0.3245192307692308 0.08173076923076923 0.08173076923076923
0 0.24519230769230768 0.030048076923076924 0.08173076923076923 0.06009615384615385
0 0.5444711538461539 0.1045673076923077 0.08173076923076923 0.08173076923076923
0 0.5048076923076923 0.4098557692307692 0.10096153846153846 0.10096153846153846
0 0.4699519230769231 0.27524038461538464 0.10096153846153846 0.10096153846153846
0 0.08052884615384616 0.9423076923076923 0.10096153846153846 0.09615384615384616
0 0.6598557692307693 0.9146634615384616 0.10096153846153846 0.10096153846153846
0 0.6105769230769231 0.6454326923076923 0.10096153846153846 0.10096153846153846
0 0.5252403846153846 0.6502403846153846 0.10096153846153846 0.10096153846153846
0 0.3545673076923077 0.875 0.08173076923076923 0.08173076923076923