0 0.03485576923076923 0.2848557692307692 0.05048076923076923 0.08173076923076923
0 0.7800480769230769 0.5504807692307693 0.09134615384615384 0.08173076923076923
0 0.8701923076923077 0.8653846153846154 0.09134615384615384 0.08173076923076923
0 0.8245192307692307 0.49038461538461536 0.09134615384615384 0.08173076923076923
0 0.7247596153846154 0.22956730769230768 0.09134615384615384 0.08173076923076923
0 0.6105769230769231 0.31971153846153844 0.09134615384615384 0.08173076923076923
0 0.43990384615384615 0.30528846153846156 0.09134615384615384 0.08173076923076923
0 0.3954326923076923 0.20552884615384615 0.09134615384615384 0.08173076923076923
0 0.3245192307692308 0.21033653846153846 0.09134615384615384 0.08173076923076923
0 0.20552884615384615 0.30528846153846156 0.09134615384615384 0.08173076923076923
0 0.4495192307692308 0.5144230769230769 0.09134615384615384 0.08173076923076923
0 0.1045673076923077 0.7944711538461539 0.09134615384615384 0.08173076923076923
0 0.03485576923076923 0.1502403846153846 0.05048076923076923 0.08173076923076923