0 0.7151442307692307 0.03485576923076923 0.08173076923076923 0.05048076923076923
0 0.4495192307692308 0.7800480769230769 0.08173076923076923 0.09134615384615384
0 0.1346153846153846 0.8701923076923077 0.08173076923076923 0.0889423076923077
0 0.5096153846153846 0.8245192307692307 0.08173076923076923 0.09134615384615384
0 0.7704326923076923 0.7247596153846154 0.08173076923076923 0.09134615384615384
0 0.6802884615384616 0.6105769230769231 0.08173076923076923 0.09134615384615384
0 0.6947115384615384 0.43990384615384615 0.08173076923076923 0.09134615384615384
0 0.7944711538461539 0.3954326923076923 0.08173076923076923 0.09134615384615384
0 0.7896634615384616 0.3245192307692308 0.08173076923076923 0.09134615384615384
0 0.6947115384615384 0.20552884615384615 0.08173076923076923 0.09134615384615384
0 0.4855769230769231 0.4495192307692308 0.08173076923076923 0.09134615384615384
0 0.20552884615384615 0.1045673076923077 0.08173076923076923 0.09134615384615384
0 0.8497596153846154 0.03485576923076923 0.08173076923076923 0.05048076923076923