0 0.7151442307692307 0.9651442307692307 0.08173076923076923 0.05048076923076923
0 0.4495192307692308 0.21995192307692307 0.08173076923076923 0.09134615384615384
0 0.1346153846153846 0.12980769230769232 0.08173076923076923 0.09134615384615384
0 0.5096153846153846 0.17548076923076922 0.08173076923076923 0.09134615384615384
0 0.7704326923076923 0.27524038461538464 0.08173076923076923 0.09134615384615384
0 0.6802884615384616 0.3894230769230769 0.08173076923076923 0.09134615384615384
0 0.6947115384615384 0.5600961538461539 0.08173076923076923 0.09134615384615384
0 0.7944711538461539 0.6045673076923077 0.08173076923076923 0.09134615384615384
0 0.7896634615384616 0.6754807692307693 0.08173076923076923 0.09134615384615384
0 0.6947115384615384 0.7944711538461539 0.08173076923076923 0.09134615384615384
0 0.4855769230769231 0.5504807692307693 0.08173076923076923 0.09134615384615384
0 0.20552884615384615 0.8954326923076923 0.08173076923076923 0.09134615384615384
0 0.8497596153846154 0.9651442307692307 0.08173076923076923 0.05048076923076923