0 0.08533653846153846 0.17548076923076922 0.08173076923076923 0.08173076923076923
0 0.4951923076923077 0.41947115384615385 0.08173076923076923 0.08173076923076923
0 0.03365384615384615 0.34975961538461536 0.0625 0.08413461538461539
0 0.5348557692307693 0.6502403846153846 0.11057692307692307 0.11057692307692307
0 0.5901442307692307 0.052884615384615384 0.11057692307692307 0.10576923076923077
0 0.5504807692307693 0.1346153846153846 0.11057692307692307 0.11057692307692307
0 0.5552884615384616 0.38461538461538464 0.11057692307692307 0.11057692307692307
0 0.17548076923076922 0.9098557692307693 0.08173076923076923 0.08173076923076923
0 0.18028846153846154 0.9579326923076923 0.08173076923076923 0.06490384615384616
0 0.29447115384615385 0.8846153846153846 0.08173076923076923 0.08173076923076923
0 0.3449519230769231 0.9399038461538461 0.08173076923076923 0.08173076923076923
0 0.2548076923076923 0.8401442307692307 0.08173076923076923 0.08173076923076923
0 0.125 0.21514423076923078 0.08173076923076923 0.08173076923076923
0 0.9579326923076923 0.7403846153846154 0.06490384615384616 0.08173076923076923
0 0.8245192307692307 0.5805288461538461 0.08173076923076923 0.08173076923076923
0 0.4495192307692308 0.3449519230769231 0.08173076923076923 0.08173076923076923
0 0.2848557692307692 0.09975961538461539 0.08173076923076923 0.08173076923076923
0 0.6694711538461539 0.20552884615384615 0.08173076923076923 0.08173076923076923
0 0.9050480769230769 0.18028846153846154 0.08173076923076923 0.08173076923076923
0 0.7548076923076923 0.8305288461538461 0.08173076923076923 0.08173076923076923
0 0.34975961538461536 0.5600961538461539 0.08173076923076923 0.08173076923076923
0 0.9519230769230769 0.4098557692307692 0.07451923076923077 0.11057692307692307