0 0.8245192307692307 0.08533653846153846 0.08173076923076923 0.08173076923076923
0 0.5805288461538461 0.4951923076923077 0.08173076923076923 0.08173076923076923
0 0.6502403846153846 0.03245192307692308 0.08173076923076923 0.06490384615384616
0 0.34975961538461536 0.5348557692307693 0.11057692307692307 0.11057692307692307
0 0.9459134615384616 0.5901442307692307 0.10336538461538461 0.11298076923076923
0 0.8653846153846154 0.5504807692307693 0.11057692307692307 0.11057692307692307
0 0.6153846153846154 0.5552884615384616 0.11057692307692307 0.11057692307692307
0 0.09014423076923077 0.17548076923076922 0.08173076923076923 0.08173076923076923
0 0.042067307692307696 0.18028846153846154 0.06490384615384616 0.08173076923076923
0 0.11538461538461539 0.29447115384615385 0.08173076923076923 0.08173076923076923
0 0.06009615384615385 0.3449519230769231 0.08173076923076923 0.08173076923076923
0 0.15985576923076922 0.2548076923076923 0.08173076923076923 0.08173076923076923
0 0.7848557692307693 0.125 0.08173076923076923 0.08173076923076923
0 0.25961538461538464 0.9579326923076923 0.08173076923076923 0.06490384615384616
0 0.41947115384615385 0.8245192307692307 0.08173076923076923 0.08173076923076923
0 0.6550480769230769 0.4495192307692308 0.08173076923076923 0.08173076923076923
0 0.9002403846153846 0.2848557692307692 0.08173076923076923 0.08173076923076923
0 0.7944711538461539 0.6694711538461539 0.08173076923076923 0.08173076923076923
0 0.8197115384615384 0.9050480769230769 0.08173076923076923 0.08173076923076923
0 0.16947115384615385 0.7548076923076923 0.08173076923076923 0.08173076923076923
0 0.43990384615384615 0.34975961538461536 0.08173076923076923 0.08173076923076923
0 0.5901442307692307 0.9519230769230769 0.11057692307692307 0.07451923076923077