0 0.9146634615384616 0.17548076923076922 0.08173076923076923 0.08173076923076923
0 0.5048076923076923 0.41947115384615385 0.08173076923076923 0.08173076923076923
0 0.9663461538461539 0.34975961538461536 0.0625 0.08413461538461539
0 0.4651442307692308 0.6502403846153846 0.11057692307692307 0.11057692307692307
0 0.4098557692307692 0.052884615384615384 0.11057692307692307 0.10576923076923077
0 0.4495192307692308 0.1346153846153846 0.11057692307692307 0.11057692307692307
0 0.44471153846153844 0.38461538461538464 0.11057692307692307 0.11057692307692307
0 0.8245192307692307 0.9098557692307693 0.08173076923076923 0.08173076923076923
0 0.8197115384615384 0.9579326923076923 0.08173076923076923 0.06490384615384616
0 0.7055288461538461 0.8846153846153846 0.08173076923076923 0.08173076923076923
0 0.6550480769230769 0.9399038461538461 0.08173076923076923 0.08173076923076923
0 0.7451923076923077 0.8401442307692307 0.08173076923076923 0.08173076923076923
0 0.875 0.21514423076923078 0.08173076923076923 0.08173076923076923
0 0.042067307692307696 0.7403846153846154 0.06490384615384616 0.08173076923076923
0 0.17548076923076922 0.5805288461538461 0.08173076923076923 0.08173076923076923
0 0.5504807692307693 0.3449519230769231 0.08173076923076923 0.08173076923076923
0 0.7151442307692307 0.09975961538461539 0.08173076923076923 0.08173076923076923
0 0.33052884615384615 0.20552884615384615 0.08173076923076923 0.08173076923076923
0 0.09495192307692307 0.18028846153846154 0.08173076923076923 0.08173076923076923
0 0.24519230769230768 0.8305288461538461 0.08173076923076923 0.08173076923076923
0 0.6502403846153846 0.5600961538461539 0.08173076923076923 0.08173076923076923
0 0.04807692307692308 0.4098557692307692 0.07451923076923077 0.11057692307692307