0 0.7403846153846154 0.6802884615384616 0.10096153846153846 0.10096153846153846
0 0.6850961538461539 0.7644230769230769 0.10096153846153846 0.10096153846153846
0 0.6899038461538461 0.8353365384615384 0.10096153846153846 0.10096153846153846
0 0.9651442307692307 0.5745192307692307 0.05048076923076923 0.10096153846153846
0 0.41466346153846156 0.9254807692307693 0.09134615384615384 0.09134615384615384
0 0.5552884615384616 0.6995192307692307 0.09134615384615384 0.09134615384615384
0 0.7403846153846154 0.43990384615384615 0.09134615384615384 0.09134615384615384
0 0.16947115384615385 0.125 0.09134615384615384 0.09134615384615384
0 0.12980769230769232 0.29447115384615385 0.09134615384615384 0.09134615384615384
0 0.18028846153846154 0.25961538461538464 0.09134615384615384 0.09134615384615384
0 0.2548076923076923 0.2548076923076923 0.09134615384615384 0.09134615384615384
0 0.5697115384615384 0.09975961538461539 0.09134615384615384 0.09134615384615384
0 0.6105769230769231 0.22956730769230768 0.09134615384615384 0.09134615384615384
0 0.5096153846153846 0.5 0.09134615384615384 0.09134615384615384
0 0.9471153846153846 0.5204326923076923 0.08653846153846154 0.09134615384615384
0 0.4098557692307692 0.75 0.09134615384615384 0.09134615384615384
0 0.3605769230769231 0.3605769230769231 0.11057692307692307 0.11057692307692307
0 0.4951923076923077 0.6045673076923077 0.11057692307692307 0.11057692307692307
0 0.29447115384615385 0.5252403846153846 0.10096153846153846 0.10096153846153846
0 0.30528846153846156 0.6346153846153846 0.10096153846153846 0.10096153846153846
0 0.6947115384615384 0.5901442307692307 0.10096153846153846 0.10096153846153846