0 0.7403846153846154 0.31971153846153844 0.10096153846153846 0.10096153846153846
0 0.6850961538461539 0.23557692307692307 0.10096153846153846 0.10096153846153846
0 0.6899038461538461 0.16466346153846154 0.10096153846153846 0.10096153846153846
0 0.9651442307692307 0.4254807692307692 0.05048076923076923 0.10096153846153846
0 0.41466346153846156 0.07451923076923077 0.09134615384615384 0.09134615384615384
0 0.5552884615384616 0.3004807692307692 0.09134615384615384 0.09134615384615384
0 0.7403846153846154 0.5600961538461539 0.09134615384615384 0.09134615384615384
0 0.16947115384615385 0.875 0.09134615384615384 0.0889423076923077
0 0.12980769230769232 0.7055288461538461 0.09134615384615384 0.09134615384615384
0 0.18028846153846154 0.7403846153846154 0.09134615384615384 0.09134615384615384
0 0.2548076923076923 0.7451923076923077 0.09134615384615384 0.09134615384615384
0 0.5697115384615384 0.9002403846153846 0.09134615384615384 0.09134615384615384
0 0.6105769230769231 0.7704326923076923 0.09134615384615384 0.09134615384615384
0 0.5096153846153846 0.5 0.09134615384615384 0.09134615384615384
0 0.9471153846153846 0.4795673076923077 0.08653846153846154 0.09134615384615384
0 0.4098557692307692 0.25 0.09134615384615384 0.09134615384615384
0 0.3605769230769231 0.6394230769230769 0.11057692307692307 0.11057692307692307
0 0.4951923076923077 0.3954326923076923 0.11057692307692307 0.11057692307692307
0 0.29447115384615385 0.47475961538461536 0.10096153846153846 0.10096153846153846
0 0.30528846153846156 0.36538461538461536 0.10096153846153846 0.10096153846153846
0 0.6947115384615384 0.4098557692307692 0.10096153846153846 0.10096153846153846