0 0.9302884615384616 0.7199519230769231 0.11057692307692307 0.11057692307692307
0 0.31490384615384615 0.038461538461538464 0.09134615384615384 0.07211538461538461
0 0.20552884615384615 0.7752403846153846 0.11057692307692307 0.11057692307692307
0 0.17548076923076922 0.9375 0.11057692307692307 0.10576923076923077
0 0.037259615384615384 0.6947115384615384 0.07451923076923077 0.11057692307692307
0 0.31009615384615385 0.43028846153846156 0.11057692307692307 0.11057692307692307
0 0.2403846153846154 0.19951923076923078 0.11057692307692307 0.11057692307692307
0 0.9519230769230769 0.6694711538461539 0.07451923076923077 0.0889423076923077
0 0.8846153846153846 0.36538461538461536 0.09134615384615384 0.09134615384615384
0 0.8052884615384616 0.18028846153846154 0.09134615384615384 0.09134615384615384
0 0.9639423076923077 0.028846153846153848 0.057692307692307696 0.052884615384615384
0 0.31490384615384615 0.125 0.09134615384615384 0.09134615384615384
0 0.75 0.3245192307692308 0.09134615384615384 0.09134615384615384
0 0.7704326923076923 0.3798076923076923 0.09134615384615384 0.09134615384615384
0 0.8653846153846154 0.7403846153846154 0.09134615384615384 0.09134615384615384
0 0.8954326923076923 0.5853365384615384 0.09134615384615384 0.09134615384615384
0 0.04567307692307692 0.6298076923076923 0.09134615384615384 0.09134615384615384
0 0.25961538461538464 0.03125 0.09134615384615384 0.057692307692307696
0 0.9194711538461539 0.7896634615384616 0.09134615384615384 0.10096153846153846
0 0.7944711538461539 0.24519230769230768 0.11057692307692307 0.11057692307692307
0 0.6045673076923077 0.9447115384615384 0.09134615384615384 0.09134615384615384
0 0.4795673076923077 0.9471153846153846 0.09134615384615384 0.08653846153846154
0 0.5552884615384616 0.7896634615384616 0.09134615384615384 0.09134615384615384
0 0.3449519230769231 0.5745192307692307 0.09134615384615384 0.09134615384615384
0 0.7644230769230769 0.1346153846153846 0.09134615384615384 0.09134615384615384
0 0.8497596153846154 0.9050480769230769 0.11057692307692307 0.11057692307692307