0 0.9302884615384616 0.2800480769230769 0.11057692307692307 0.11057692307692307
0 0.3161057692307692 0.9615384615384616 0.09375 0.07211538461538461
0 0.20552884615384615 0.2247596153846154 0.11057692307692307 0.11057692307692307
0 0.17548076923076922 0.0625 0.11057692307692307 0.10576923076923077
0 0.037259615384615384 0.30528846153846156 0.07451923076923077 0.11057692307692307
0 0.31009615384615385 0.5697115384615384 0.11057692307692307 0.11057692307692307
0 0.2403846153846154 0.8004807692307693 0.11057692307692307 0.11057692307692307
0 0.9519230769230769 0.33052884615384615 0.07451923076923077 0.09134615384615384
0 0.8846153846153846 0.6346153846153846 0.09134615384615384 0.09134615384615384
0 0.8052884615384616 0.8197115384615384 0.09134615384615384 0.09134615384615384
0 0.9639423076923077 0.9711538461538461 0.057692307692307696 0.052884615384615384
0 0.31490384615384615 0.875 0.09134615384615384 0.09134615384615384
0 0.75 0.6754807692307693 0.09134615384615384 0.09134615384615384
0 0.7704326923076923 0.6201923076923077 0.09134615384615384 0.09134615384615384
0 0.8653846153846154 0.25961538461538464 0.09134615384615384 0.09134615384615384
0 0.8954326923076923 0.41466346153846156 0.09134615384615384 0.09134615384615384
0 0.04567307692307692 0.3701923076923077 0.09134615384615384 0.09134615384615384
0 0.2608173076923077 0.96875 0.09375 0.057692307692307696
0 0.9194711538461539 0.21033653846153846 0.09134615384615384 0.10096153846153846
0 0.7944711538461539 0.7548076923076923 0.11057692307692307 0.11057692307692307
0 0.6045673076923077 0.055288461538461536 0.09134615384615384 0.09134615384615384
0 0.4795673076923077 0.052884615384615384 0.09134615384615384 0.08653846153846154
0 0.5552884615384616 0.21033653846153846 0.09134615384615384 0.09134615384615384
0 0.3449519230769231 0.4254807692307692 0.09134615384615384 0.09134615384615384
0 0.7644230769230769 0.8653846153846154 0.09134615384615384 0.09134615384615384
0 0.8497596153846154 0.09495192307692307 0.11057692307692307 0.11057692307692307