0 0.9495192307692307 0.6899038461538461 0.08173076923076923 0.09134615384615384
0 0.7752403846153846 0.5901442307692307 0.09134615384615384 0.09134615384615384
0 0.6754807692307693 0.5649038461538461 0.09134615384615384 0.09134615384615384
0 0.9146634615384616 0.8846153846153846 0.10096153846153846 0.10096153846153846
0 0.9098557692307693 0.28966346153846156 0.10096153846153846 0.10096153846153846
0 0.5552884615384616 0.1502403846153846 0.10096153846153846 0.10096153846153846
0 0.5096153846153846 0.14543269230769232 0.10096153846153846 0.10096153846153846
0 0.45552884615384615 0.18990384615384615 0.10096153846153846 0.10096153846153846
0 0.8846153846153846 0.8197115384615384 0.10096153846153846 0.10096153846153846
0 0.4254807692307692 0.14543269230769232 0.10096153846153846 0.10096153846153846
0 0.8653846153846154 0.9302884615384616 0.10096153846153846 0.10096153846153846
0 0.28966346153846156 0.8894230769230769 0.11057692307692307 0.11057692307692307
0 0.6995192307692307 0.8305288461538461 0.11057692307692307 0.11057692307692307
0 0.5949519230769231 0.2644230769230769 0.11057692307692307 0.11057692307692307
0 0.21033653846153846 0.9615384615384616 0.11298076923076923 0.07211538461538461
0 0.49038461538461536 0.9399038461538461 0.11057692307692307 0.11057692307692307
0 0.31009615384615385 0.7295673076923077 0.11057692307692307 0.11057692307692307
0 0.8353365384615384 0.7800480769230769 0.09134615384615384 0.09134615384615384
0 0.07451923076923077 0.19951923076923078 0.11057692307692307 0.11057692307692307
0 0.7403846153846154 0.6394230769230769 0.09134615384615384 0.09134615384615384
0 0.125 0.29447115384615385 0.11057692307692307 0.11057692307692307
0 0.8401442307692307 0.6694711538461539 0.09134615384615384 0.09134615384615384
0 0.2403846153846154 0.21995192307692307 0.11057692307692307 0.11057692307692307