0 0.05048076923076923 0.6899038461538461 0.08173076923076923 0.09134615384615384
0 0.2247596153846154 0.5901442307692307 0.09134615384615384 0.09134615384615384
0 0.3245192307692308 0.5649038461538461 0.09134615384615384 0.09134615384615384
0 0.08533653846153846 0.8846153846153846 0.10096153846153846 0.10096153846153846
0 0.09014423076923077 0.28966346153846156 0.10096153846153846 0.10096153846153846
0 0.44471153846153844 0.1502403846153846 0.10096153846153846 0.10096153846153846
0 0.49038461538461536 0.14543269230769232 0.10096153846153846 0.10096153846153846
0 0.5444711538461539 0.18990384615384615 0.10096153846153846 0.10096153846153846
0 0.11538461538461539 0.8197115384615384 0.10096153846153846 0.10096153846153846
0 0.5745192307692307 0.14543269230769232 0.10096153846153846 0.10096153846153846
0 0.1346153846153846 0.9302884615384616 0.10096153846153846 0.10096153846153846
0 0.7103365384615384 0.8894230769230769 0.11057692307692307 0.11057692307692307
0 0.3004807692307692 0.8305288461538461 0.11057692307692307 0.11057692307692307
0 0.4050480769230769 0.2644230769230769 0.11057692307692307 0.11057692307692307
0 0.7896634615384616 0.9615384615384616 0.11298076923076923 0.07211538461538461
0 0.5096153846153846 0.9399038461538461 0.11057692307692307 0.11057692307692307
0 0.6899038461538461 0.7295673076923077 0.11057692307692307 0.11057692307692307
0 0.16466346153846154 0.7800480769230769 0.09134615384615384 0.09134615384615384
0 0.9254807692307693 0.19951923076923078 0.11057692307692307 0.11057692307692307
0 0.25961538461538464 0.6394230769230769 0.09134615384615384 0.09134615384615384
0 0.875 0.29447115384615385 0.11057692307692307 0.11057692307692307
0 0.15985576923076922 0.6694711538461539 0.09134615384615384 0.09134615384615384
0 0.7596153846153846 0.21995192307692307 0.11057692307692307 0.11057692307692307