0 0.5048076923076923 0.49038461538461536 0.09134615384615384 0.09134615384615384
0 0.3545673076923077 0.5697115384615384 0.09134615384615384 0.09134615384615384
0 0.5 0.5853365384615384 0.09134615384615384 0.09134615384615384
0 0.8497596153846154 0.5048076923076923 0.09134615384615384 0.09134615384615384
0 0.9194711538461539 0.5204326923076923 0.09134615384615384 0.09134615384615384
0 0.9194711538461539 0.5697115384615384 0.09134615384615384 0.09134615384615384
0 0.75 0.5949519230769231 0.09134615384615384 0.09134615384615384
0 0.6995192307692307 0.6502403846153846 0.09134615384615384 0.09134615384615384
0 0.8149038461538461 0.7848557692307693 0.09134615384615384 0.09134615384615384
0 0.8353365384615384 0.9146634615384616 0.09134615384615384 0.09134615384615384
0 0.9651442307692307 0.8954326923076923 0.05048076923076923 0.09134615384615384
0 0.16947115384615385 0.7944711538461539 0.09134615384615384 0.09134615384615384
0 0.16947115384615385 0.31009615384615385 0.09134615384615384 0.09134615384615384
0 0.3954326923076923 0.4651442307692308 0.09134615384615384 0.09134615384615384
0 0.4651442307692308 0.18509615384615385 0.09134615384615384 0.09134615384615384
0 0.9603365384615384 0.07451923076923077 0.06009615384615385 0.09134615384615384
0 0.15504807692307693 0.1502403846153846 0.09134615384615384 0.09134615384615384
0 0.09014423076923077 0.12980769230769232 0.09134615384615384 0.09134615384615384
0 0.5048076923076923 0.2644230769230769 0.09134615384615384 0.09134615384615384
0 0.03365384615384615 0.44471153846153844 0.0625 0.09134615384615384
0 0.31490384615384615 0.7199519230769231 0.0889423076923077 0.09134615384615384
0 0.3004807692307692 0.8449519230769231 0.09134615384615384 0.09134615384615384
0 0.5552884615384616 0.8894230769230769 0.09134615384615384 0.09134615384615384
0 0.6754807692307693 0.9002403846153846 0.09134615384615384 0.09134615384615384
0 0.9350961538461539 0.38461538461538464 0.11057692307692307 0.11057692307692307