0 0.49038461538461536 0.4951923076923077 0.09134615384615384 0.09134615384615384
0 0.5697115384615384 0.6454326923076923 0.09134615384615384 0.09134615384615384
0 0.5853365384615384 0.5 0.09134615384615384 0.09134615384615384
0 0.5048076923076923 0.1502403846153846 0.09134615384615384 0.09134615384615384
0 0.5204326923076923 0.08052884615384616 0.09134615384615384 0.09134615384615384
0 0.5697115384615384 0.08052884615384616 0.09134615384615384 0.09134615384615384
0 0.5949519230769231 0.25 0.09134615384615384 0.09134615384615384
0 0.6502403846153846 0.3004807692307692 0.09134615384615384 0.09134615384615384
0 0.7848557692307693 0.18509615384615385 0.09134615384615384 0.09134615384615384
0 0.9146634615384616 0.16466346153846154 0.09134615384615384 0.09134615384615384
0 0.8954326923076923 0.03485576923076923 0.09134615384615384 0.05048076923076923
0 0.7944711538461539 0.8305288461538461 0.09134615384615384 0.09134615384615384
0 0.31009615384615385 0.8305288461538461 0.09134615384615384 0.09134615384615384
0 0.4651442307692308 0.6045673076923077 0.09134615384615384 0.09134615384615384
0 0.18509615384615385 0.5348557692307693 0.09134615384615384 0.09134615384615384
0 0.07451923076923077 0.039663461538461536 0.09134615384615384 0.06009615384615385
0 0.1502403846153846 0.8449519230769231 0.09134615384615384 0.0889423076923077
0 0.12980769230769232 0.9098557692307693 0.09134615384615384 0.09134615384615384
0 0.2644230769230769 0.4951923076923077 0.09134615384615384 0.09134615384615384
0 0.44591346153846156 0.9663461538461539 0.09375 0.0625
0 0.7199519230769231 0.6850961538461539 0.09134615384615384 0.09134615384615384
0 0.8449519230769231 0.6995192307692307 0.09134615384615384 0.0889423076923077
0 0.8894230769230769 0.44471153846153844 0.09134615384615384 0.09134615384615384
0 0.9002403846153846 0.3245192307692308 0.09134615384615384 0.09134615384615384
0 0.38461538461538464 0.06490384615384616 0.11057692307692307 0.11057692307692307