0 0.3004807692307692 0.7944711538461539 0.09134615384615384 0.09134615384615384
0 0.3449519230769231 0.9639423076923077 0.09375 0.0673076923076923
0 0.21514423076923078 0.8701923076923077 0.09134615384615384 0.09134615384615384
0 0.9050480769230769 0.8605769230769231 0.09134615384615384 0.09134615384615384
0 0.6899038461538461 0.4855769230769231 0.09134615384615384 0.09134615384615384
0 0.6694711538461539 0.4050480769230769 0.09134615384615384 0.09134615384615384
0 0.5204326923076923 0.27524038461538464 0.09134615384615384 0.09134615384615384
0 0.18028846153846154 0.43990384615384615 0.09134615384615384 0.09134615384615384
0 0.2704326923076923 0.14543269230769232 0.09134615384615384 0.09134615384615384
0 0.6694711538461539 0.9399038461538461 0.09134615384615384 0.09134615384615384
0 0.6802884615384616 0.96875 0.09134615384615384 0.057692307692307696
0 0.6045673076923077 0.5144230769230769 0.09134615384615384 0.09134615384615384