0 0.3004807692307692 0.20552884615384615 0.09134615384615384 0.09134615384615384
0 0.3449519230769231 0.036057692307692304 0.09375 0.0673076923076923
0 0.21514423076923078 0.12980769230769232 0.09134615384615384 0.09134615384615384
0 0.9050480769230769 0.13942307692307693 0.09134615384615384 0.09134615384615384
0 0.6899038461538461 0.5144230769230769 0.09134615384615384 0.09134615384615384
0 0.6694711538461539 0.5949519230769231 0.09134615384615384 0.09134615384615384
0 0.5204326923076923 0.7247596153846154 0.09134615384615384 0.09134615384615384
0 0.18028846153846154 0.5600961538461539 0.09134615384615384 0.09134615384615384
0 0.2704326923076923 0.8545673076923077 0.09134615384615384 0.09134615384615384
0 0.6694711538461539 0.06009615384615385 0.09134615384615384 0.09134615384615384
0 0.6802884615384616 0.03125 0.09134615384615384 0.057692307692307696
0 0.6045673076923077 0.4855769230769231 0.09134615384615384 0.09134615384615384