0 0.6995192307692307 0.7944711538461539 0.09134615384615384 0.09134615384615384
0 0.65625 0.9639423076923077 0.09134615384615384 0.0673076923076923
0 0.7848557692307693 0.8701923076923077 0.09134615384615384 0.09134615384615384
0 0.09495192307692307 0.8605769230769231 0.09134615384615384 0.09134615384615384
0 0.31009615384615385 0.4855769230769231 0.09134615384615384 0.09134615384615384
0 0.33052884615384615 0.4050480769230769 0.09134615384615384 0.09134615384615384
0 0.4795673076923077 0.27524038461538464 0.09134615384615384 0.09134615384615384
0 0.8197115384615384 0.43990384615384615 0.09134615384615384 0.09134615384615384
0 0.7295673076923077 0.14543269230769232 0.09134615384615384 0.09134615384615384
0 0.33052884615384615 0.9399038461538461 0.09134615384615384 0.09134615384615384
0 0.32091346153846156 0.96875 0.09375 0.057692307692307696
0 0.3954326923076923 0.5144230769230769 0.09134615384615384 0.09134615384615384