0 0.23557692307692307 0.3004807692307692 0.10096153846153846 0.10096153846153846
0 0.2403846153846154 0.6754807692307693 0.10096153846153846 0.10096153846153846
0 0.9519230769230769 0.08052884615384616 0.07451923076923077 0.10096153846153846
0 0.8701923076923077 0.11057692307692307 0.10096153846153846 0.10096153846153846
0 0.6598557692307693 0.9651442307692307 0.09134615384615384 0.05048076923076923
0 0.6754807692307693 0.8353365384615384 0.09134615384615384 0.09134615384615384
0 0.7548076923076923 0.7548076923076923 0.09134615384615384 0.09134615384615384
0 0.7704326923076923 0.5204326923076923 0.09134615384615384 0.09134615384615384
0 0.7704326923076923 0.5048076923076923 0.09134615384615384 0.09134615384615384
0 0.7451923076923077 0.5600961538461539 0.09134615384615384 0.09134615384615384
0 0.625 0.6298076923076923 0.09134615384615384 0.09134615384615384
0 0.21995192307692307 0.18990384615384615 0.09134615384615384 0.09134615384615384
0 0.41466346153846156 0.6550480769230769 0.09134615384615384 0.09134615384615384
0 0.1502403846153846 0.5204326923076923 0.09134615384615384 0.09134615384615384
0 0.04567307692307692 0.15504807692307693 0.09134615384615384 0.09375
0 0.2644230769230769 0.8305288461538461 0.09134615384615384 0.09134615384615384
0 0.21995192307692307 0.9471153846153846 0.09134615384615384 0.08653846153846154
0 0.43990384615384615 0.5 0.09134615384615384 0.09134615384615384
0 0.4254807692307692 0.36538461538461536 0.09134615384615384 0.09134615384615384
0 0.34975961538461536 0.16947115384615385 0.09134615384615384 0.09134615384615384