0 0.6995192307692307 0.23557692307692307 0.10096153846153846 0.10096153846153846
0 0.3245192307692308 0.2403846153846154 0.10096153846153846 0.10096153846153846
0 0.9194711538461539 0.9519230769230769 0.10096153846153846 0.07451923076923077
0 0.8894230769230769 0.8701923076923077 0.10096153846153846 0.10096153846153846
0 0.03485576923076923 0.6598557692307693 0.05048076923076923 0.0889423076923077
0 0.16466346153846154 0.6754807692307693 0.09134615384615384 0.09134615384615384
0 0.24519230769230768 0.7548076923076923 0.09134615384615384 0.09134615384615384
0 0.4795673076923077 0.7704326923076923 0.09134615384615384 0.09134615384615384
0 0.4951923076923077 0.7704326923076923 0.09134615384615384 0.09134615384615384
0 0.43990384615384615 0.7451923076923077 0.09134615384615384 0.09134615384615384
0 0.3701923076923077 0.625 0.09134615384615384 0.09134615384615384
0 0.8100961538461539 0.21995192307692307 0.09134615384615384 0.09134615384615384
0 0.3449519230769231 0.41466346153846156 0.09134615384615384 0.09134615384615384
0 0.4795673076923077 0.1502403846153846 0.09134615384615384 0.09134615384615384
0 0.84375 0.046875 0.09615384615384616 0.0889423076923077
0 0.16947115384615385 0.2644230769230769 0.09134615384615384 0.09134615384615384
0 0.052884615384615384 0.21995192307692307 0.08653846153846154 0.09134615384615384
0 0.5 0.43990384615384615 0.09134615384615384 0.09134615384615384
0 0.6346153846153846 0.4254807692307692 0.09134615384615384 0.09134615384615384
0 0.8305288461538461 0.34975961538461536 0.09134615384615384 0.09134615384615384