0 0.6995192307692307 0.7644230769230769 0.10096153846153846 0.10096153846153846
0 0.3245192307692308 0.7596153846153846 0.10096153846153846 0.10096153846153846
0 0.9194711538461539 0.04807692307692308 0.10096153846153846 0.07451923076923077
0 0.8894230769230769 0.12980769230769232 0.10096153846153846 0.10096153846153846
0 0.03485576923076923 0.3401442307692308 0.05048076923076923 0.09134615384615384
0 0.16466346153846154 0.3245192307692308 0.09134615384615384 0.09134615384615384
0 0.24519230769230768 0.24519230769230768 0.09134615384615384 0.09134615384615384
0 0.4795673076923077 0.22956730769230768 0.09134615384615384 0.09134615384615384
0 0.4951923076923077 0.22956730769230768 0.09134615384615384 0.09134615384615384
0 0.43990384615384615 0.2548076923076923 0.09134615384615384 0.09134615384615384
0 0.3701923076923077 0.375 0.09134615384615384 0.09134615384615384
0 0.8100961538461539 0.7800480769230769 0.09134615384615384 0.09134615384615384
0 0.3449519230769231 0.5853365384615384 0.09134615384615384 0.09134615384615384
0 0.4795673076923077 0.8497596153846154 0.09134615384615384 0.09134615384615384
0 0.8461538461538461 0.953125 0.09615384615384616 0.0889423076923077
0 0.16947115384615385 0.7355769230769231 0.09134615384615384 0.09134615384615384
0 0.052884615384615384 0.7800480769230769 0.08653846153846154 0.09134615384615384
0 0.5 0.5600961538461539 0.09134615384615384 0.09134615384615384
0 0.6346153846153846 0.5745192307692307 0.09134615384615384 0.09134615384615384
0 0.8305288461538461 0.6502403846153846 0.09134615384615384 0.09134615384615384