0 0.6754807692307693 0.2548076923076923 0.10096153846153846 0.10096153846153846
0 0.6502403846153846 0.3245192307692308 0.10096153846153846 0.10096153846153846
0 0.19951923076923078 0.18990384615384615 0.09134615384615384 0.09134615384615384
0 0.8100961538461539 0.6802884615384616 0.09134615384615384 0.09134615384615384
0 0.75 0.5600961538461539 0.09134615384615384 0.09134615384615384
0 0.5252403846153846 0.7247596153846154 0.10096153846153846 0.10096153846153846
0 0.375 0.5552884615384616 0.10096153846153846 0.10096153846153846
0 0.25 0.3954326923076923 0.10096153846153846 0.10096153846153846
0 0.09975961538461539 0.33533653846153844 0.10096153846153846 0.10096153846153846
0 0.8245192307692307 0.8197115384615384 0.10096153846153846 0.10096153846153846
0 0.1045673076923077 0.5600961538461539 0.10096153846153846 0.10096153846153846
0 0.06490384615384616 0.6045673076923077 0.10096153846153846 0.10096153846153846
0 0.2800480769230769 0.8653846153846154 0.10096153846153846 0.0985576923076923
0 0.22956730769230768 0.8353365384615384 0.10096153846153846 0.10096153846153846
0 0.7199519230769231 0.8798076923076923 0.10096153846153846 0.10096153846153846
0 0.6995192307692307 0.9663461538461539 0.10096153846153846 0.0625
0 0.5805288461538461 0.8846153846153846 0.10096153846153846 0.10096153846153846
0 0.5853365384615384 0.5204326923076923 0.10096153846153846 0.10096153846153846
0 0.5805288461538461 0.31971153846153844 0.10096153846153846 0.10096153846153846
0 0.3245192307692308 0.31971153846153844 0.10096153846153846 0.10096153846153846
0 0.4098557692307692 0.5048076923076923 0.10096153846153846 0.10096153846153846
0 0.24519230769230768 0.15985576923076922 0.10096153846153846 0.10096153846153846
0 0.38461538461538464 0.15504807692307693 0.10096153846153846 0.10096153846153846
0 0.5048076923076923 0.07451923076923077 0.10096153846153846 0.10096153846153846
0 0.6502403846153846 0.04807692307692308 0.10096153846153846 0.07451923076923077