0 0.3245192307692308 0.7451923076923077 0.10096153846153846 0.10096153846153846
0 0.34975961538461536 0.6754807692307693 0.10096153846153846 0.10096153846153846
0 0.8004807692307693 0.8100961538461539 0.09134615384615384 0.09134615384615384
0 0.18990384615384615 0.31971153846153844 0.09134615384615384 0.09134615384615384
0 0.25 0.43990384615384615 0.09134615384615384 0.09134615384615384
0 0.47475961538461536 0.27524038461538464 0.10096153846153846 0.10096153846153846
0 0.625 0.44471153846153844 0.10096153846153846 0.10096153846153846
0 0.75 0.6045673076923077 0.10096153846153846 0.10096153846153846
0 0.9002403846153846 0.6646634615384616 0.10096153846153846 0.0985576923076923
0 0.17548076923076922 0.18028846153846154 0.10096153846153846 0.10096153846153846
0 0.8954326923076923 0.43990384615384615 0.10096153846153846 0.10096153846153846
0 0.9350961538461539 0.3954326923076923 0.10096153846153846 0.10096153846153846
0 0.7199519230769231 0.1346153846153846 0.10096153846153846 0.10096153846153846
0 0.7704326923076923 0.16466346153846154 0.10096153846153846 0.10096153846153846
0 0.2800480769230769 0.1201923076923077 0.10096153846153846 0.10096153846153846
0 0.3004807692307692 0.03365384615384615 0.10096153846153846 0.0625
0 0.41947115384615385 0.11538461538461539 0.10096153846153846 0.10096153846153846
0 0.41466346153846156 0.4795673076923077 0.10096153846153846 0.10096153846153846
0 0.41947115384615385 0.6802884615384616 0.10096153846153846 0.10096153846153846
0 0.6754807692307693 0.6802884615384616 0.10096153846153846 0.10096153846153846
0 0.5901442307692307 0.4951923076923077 0.10096153846153846 0.10096153846153846
0 0.7548076923076923 0.8401442307692307 0.10096153846153846 0.10096153846153846
0 0.6153846153846154 0.8449519230769231 0.10096153846153846 0.10096153846153846
0 0.4951923076923077 0.9254807692307693 0.10096153846153846 0.10096153846153846
0 0.34975961538461536 0.9519230769230769 0.10096153846153846 0.07451923076923077