0 0.028846153846153848 0.6454326923076923 0.052884615384615384 0.09375
0 0.7944711538461539 0.6995192307692307 0.10096153846153846 0.10096153846153846
0 0.9350961538461539 0.7644230769230769 0.10096153846153846 0.10096153846153846
0 0.3449519230769231 0.33052884615384615 0.10096153846153846 0.10096153846153846
0 0.6201923076923077 0.057692307692307696 0.10096153846153846 0.09615384615384616
0 0.5805288461538461 0.9146634615384616 0.0889423076923077 0.09134615384615384
0 0.4098557692307692 0.6850961538461539 0.09134615384615384 0.09134615384615384
0 0.6850961538461539 0.6454326923076923 0.09134615384615384 0.09134615384615384
0 0.7199519230769231 0.44471153846153844 0.09134615384615384 0.09134615384615384
0 0.6646634615384616 0.17548076923076922 0.09134615384615384 0.09134615384615384
0 0.5600961538461539 0.08052884615384616 0.09134615384615384 0.09134615384615384
0 0.75 0.039663461538461536 0.09134615384615384 0.06009615384615385
0 0.9627403846153846 0.7055288461538461 0.055288461538461536 0.09134615384615384
0 0.9651442307692307 0.8449519230769231 0.05048076923076923 0.09134615384615384
0 0.21033653846153846 0.7055288461538461 0.09134615384615384 0.09134615384615384
0 0.29447115384615385 0.4795673076923077 0.09134615384615384 0.09134615384615384
0 0.5144230769230769 0.43509615384615385 0.09134615384615384 0.09134615384615384
0 0.18509615384615385 0.43990384615384615 0.09134615384615384 0.09134615384615384
0 0.05048076923076923 0.4699519230769231 0.09134615384615384 0.09134615384615384
0 0.17548076923076922 0.7403846153846154 0.09134615384615384 0.09134615384615384