0 0.9711538461538461 0.6454326923076923 0.052884615384615384 0.09375
0 0.20552884615384615 0.6995192307692307 0.10096153846153846 0.10096153846153846
0 0.06490384615384616 0.7644230769230769 0.10096153846153846 0.10096153846153846
0 0.6550480769230769 0.33052884615384615 0.10096153846153846 0.10096153846153846
0 0.3798076923076923 0.057692307692307696 0.10096153846153846 0.09615384615384616
0 0.41947115384615385 0.9146634615384616 0.09134615384615384 0.09134615384615384
0 0.5901442307692307 0.6850961538461539 0.09134615384615384 0.09134615384615384
0 0.31490384615384615 0.6454326923076923 0.09134615384615384 0.09134615384615384
0 0.2800480769230769 0.44471153846153844 0.09134615384615384 0.09134615384615384
0 0.33533653846153844 0.17548076923076922 0.0889423076923077 0.09134615384615384
0 0.43990384615384615 0.08052884615384616 0.09134615384615384 0.09134615384615384
0 0.25 0.039663461538461536 0.09134615384615384 0.06009615384615385
0 0.037259615384615384 0.7055288461538461 0.055288461538461536 0.09134615384615384
0 0.03485576923076923 0.8449519230769231 0.05048076923076923 0.09134615384615384
0 0.7896634615384616 0.7055288461538461 0.09134615384615384 0.09134615384615384
0 0.7055288461538461 0.4795673076923077 0.09134615384615384 0.09134615384615384
0 0.4855769230769231 0.43509615384615385 0.09134615384615384 0.09134615384615384
0 0.8149038461538461 0.43990384615384615 0.09134615384615384 0.09134615384615384
0 0.9495192307692307 0.4699519230769231 0.09134615384615384 0.09134615384615384
0 0.8245192307692307 0.7403846153846154 0.09134615384615384 0.09134615384615384