0 0.027644230769230768 0.3545673076923077 0.055288461538461536 0.09134615384615384
0 0.7944711538461539 0.3004807692307692 0.10096153846153846 0.10096153846153846
0 0.9350961538461539 0.23557692307692307 0.10096153846153846 0.10096153846153846
0 0.3449519230769231 0.6694711538461539 0.10096153846153846 0.10096153846153846
0 0.6201923076923077 0.9423076923076923 0.10096153846153846 0.09615384615384616
0 0.5805288461538461 0.08533653846153846 0.09134615384615384 0.09134615384615384
0 0.4098557692307692 0.31490384615384615 0.09134615384615384 0.09134615384615384
0 0.6850961538461539 0.3545673076923077 0.09134615384615384 0.09134615384615384
0 0.7199519230769231 0.5552884615384616 0.09134615384615384 0.09134615384615384
0 0.6646634615384616 0.8245192307692307 0.09134615384615384 0.09134615384615384
0 0.5600961538461539 0.9194711538461539 0.09134615384615384 0.09134615384615384
0 0.75 0.9603365384615384 0.09134615384615384 0.06009615384615385
0 0.9627403846153846 0.29447115384615385 0.055288461538461536 0.09134615384615384
0 0.9651442307692307 0.15504807692307693 0.05048076923076923 0.09134615384615384
0 0.21033653846153846 0.29447115384615385 0.09134615384615384 0.09134615384615384
0 0.29447115384615385 0.5204326923076923 0.09134615384615384 0.09134615384615384
0 0.5144230769230769 0.5649038461538461 0.09134615384615384 0.09134615384615384
0 0.18509615384615385 0.5600961538461539 0.09134615384615384 0.09134615384615384
0 0.05048076923076923 0.5300480769230769 0.09134615384615384 0.09134615384615384
0 0.17548076923076922 0.25961538461538464 0.09134615384615384 0.09134615384615384