0 0.7403846153846154 0.5949519230769231 0.09134615384615384 0.08173076923076923
0 0.33533653846153844 0.1045673076923077 0.10096153846153846 0.10096153846153846
0 0.4495192307692308 0.028846153846153848 0.10096153846153846 0.052884615384615384
0 0.2644230769230769 0.2800480769230769 0.10096153846153846 0.10096153846153846
0 0.8954326923076923 0.2848557692307692 0.10096153846153846 0.10096153846153846
0 0.9555288461538461 0.9002403846153846 0.06971153846153846 0.10096153846153846
0 0.9555288461538461 0.9002403846153846 0.06971153846153846 0.10096153846153846
0 0.6502403846153846 0.9146634615384616 0.0985576923076923 0.10096153846153846
0 0.45552884615384615 0.9651442307692307 0.09134615384615384 0.05048076923076923
0 0.30528846153846156 0.9519230769230769 0.10096153846153846 0.07451923076923077
0 0.2644230769230769 0.9254807692307693 0.10096153846153846 0.10096153846153846
0 0.2644230769230769 0.9254807692307693 0.10096153846153846 0.10096153846153846
0 0.20552884615384615 0.9350961538461539 0.10096153846153846 0.10096153846153846
0 0.43990384615384615 0.5805288461538461 0.10096153846153846 0.10096153846153846
0 0.036057692307692304 0.6646634615384616 0.0673076923076923 0.10336538461538461
0 0.18990384615384615 0.3245192307692308 0.10096153846153846 0.10096153846153846
0 0.06490384615384616 0.18990384615384615 0.09134615384615384 0.08173076923076923
0 0.2704326923076923 0.6754807692307693 0.09134615384615384 0.08173076923076923
0 0.25961538461538464 0.6694711538461539 0.09134615384615384 0.08173076923076923
0 0.3605769230769231 0.8798076923076923 0.09134615384615384 0.08173076923076923
0 0.7752403846153846 0.2848557692307692 0.10096153846153846 0.10096153846153846
0 0.6298076923076923 0.2403846153846154 0.10096153846153846 0.10096153846153846
0 0.3401442307692308 0.15985576923076922 0.0985576923076923 0.10096153846153846