0 0.7403846153846154 0.4050480769230769 0.09134615384615384 0.08173076923076923
0 0.33533653846153844 0.8954326923076923 0.10096153846153846 0.10096153846153846
0 0.4495192307692308 0.9711538461538461 0.10096153846153846 0.052884615384615384
0 0.2644230769230769 0.7199519230769231 0.10096153846153846 0.10096153846153846
0 0.8954326923076923 0.7151442307692307 0.10096153846153846 0.10096153846153846
0 0.9555288461538461 0.09975961538461539 0.06971153846153846 0.10096153846153846
0 0.9555288461538461 0.09975961538461539 0.06971153846153846 0.10096153846153846
0 0.6502403846153846 0.08533653846153846 0.10096153846153846 0.10096153846153846
0 0.45552884615384615 0.03485576923076923 0.09134615384615384 0.05048076923076923
0 0.30528846153846156 0.04807692307692308 0.10096153846153846 0.07451923076923077
0 0.2644230769230769 0.07451923076923077 0.10096153846153846 0.10096153846153846
0 0.2644230769230769 0.07451923076923077 0.10096153846153846 0.10096153846153846
0 0.20552884615384615 0.06490384615384616 0.10096153846153846 0.10096153846153846
0 0.43990384615384615 0.41947115384615385 0.10096153846153846 0.10096153846153846
0 0.03485576923076923 0.33533653846153844 0.06971153846153846 0.10096153846153846
0 0.18990384615384615 0.6754807692307693 0.10096153846153846 0.10096153846153846
0 0.06490384615384616 0.8100961538461539 0.09134615384615384 0.08173076923076923
0 0.2704326923076923 0.3245192307692308 0.09134615384615384 0.08173076923076923
0 0.25961538461538464 0.33052884615384615 0.09134615384615384 0.08173076923076923
0 0.3605769230769231 0.1201923076923077 0.09134615384615384 0.08173076923076923
0 0.7752403846153846 0.7151442307692307 0.10096153846153846 0.10096153846153846
0 0.6298076923076923 0.7596153846153846 0.10096153846153846 0.10096153846153846
0 0.3401442307692308 0.8401442307692307 0.10096153846153846 0.10096153846153846