0 0.45552884615384615 0.5 0.10096153846153846 0.10096153846153846
0 0.7752403846153846 0.8894230769230769 0.10096153846153846 0.10096153846153846
0 0.9050480769230769 0.5204326923076923 0.10096153846153846 0.10096153846153846
0 0.7151442307692307 0.08533653846153846 0.10096153846153846 0.10096153846153846
0 0.8052884615384616 0.11538461538461539 0.10096153846153846 0.10096153846153846
0 0.8701923076923077 0.2548076923076923 0.10096153846153846 0.10096153846153846
0 0.30528846153846156 0.6454326923076923 0.10096153846153846 0.10096153846153846
0 0.953125 0.9206730769230769 0.0889423076923077 0.10576923076923077
0 0.5348557692307693 0.9050480769230769 0.10096153846153846 0.10096153846153846
0 0.055288461538461536 0.9146634615384616 0.09134615384615384 0.10096153846153846
0 0.08052884615384616 0.7055288461538461 0.10096153846153846 0.0985576923076923
0 0.037259615384615384 0.6899038461538461 0.055288461538461536 0.0985576923076923
0 0.037259615384615384 0.5949519230769231 0.055288461538461536 0.10096153846153846
0 0.037259615384615384 0.34975961538461536 0.055288461538461536 0.10096153846153846
0 0.24519230769230768 0.3245192307692308 0.10096153846153846 0.10096153846153846
0 0.24519230769230768 0.2548076923076923 0.10096153846153846 0.10096153846153846
0 0.2848557692307692 0.125 0.10096153846153846 0.10096153846153846
0 0.5396634615384616 0.19951923076923078 0.10096153846153846 0.10096153846153846
0 0.6045673076923077 0.2403846153846154 0.10096153846153846 0.10096153846153846
0 0.5901442307692307 0.3798076923076923 0.10096153846153846 0.10096153846153846