0 0.5 0.5444711538461539 0.10096153846153846 0.10096153846153846
0 0.11057692307692307 0.2247596153846154 0.10096153846153846 0.10096153846153846
0 0.4795673076923077 0.09495192307692307 0.10096153846153846 0.10096153846153846
0 0.9146634615384616 0.2848557692307692 0.10096153846153846 0.10096153846153846
0 0.8846153846153846 0.19471153846153846 0.10096153846153846 0.10096153846153846
0 0.7451923076923077 0.12980769230769232 0.10096153846153846 0.10096153846153846
0 0.3545673076923077 0.6947115384615384 0.10096153846153846 0.10096153846153846
0 0.08052884615384616 0.04567307692307692 0.10336538461538461 0.09134615384615384
0 0.09495192307692307 0.4651442307692308 0.10096153846153846 0.10096153846153846
0 0.08533653846153846 0.9447115384615384 0.10096153846153846 0.09134615384615384
0 0.29447115384615385 0.9194711538461539 0.10096153846153846 0.10096153846153846
0 0.31009615384615385 0.9627403846153846 0.10096153846153846 0.055288461538461536
0 0.4050480769230769 0.9627403846153846 0.10096153846153846 0.055288461538461536
0 0.6502403846153846 0.9627403846153846 0.10096153846153846 0.055288461538461536
0 0.6754807692307693 0.7548076923076923 0.10096153846153846 0.10096153846153846
0 0.7451923076923077 0.7548076923076923 0.10096153846153846 0.10096153846153846
0 0.875 0.7151442307692307 0.10096153846153846 0.10096153846153846
0 0.8004807692307693 0.46033653846153844 0.10096153846153846 0.10096153846153846
0 0.7596153846153846 0.3954326923076923 0.10096153846153846 0.10096153846153846
0 0.6201923076923077 0.4098557692307692 0.10096153846153846 0.10096153846153846