0 0.030048076923076924 0.8798076923076923 0.06009615384615385 0.10096153846153846
0 0.11057692307692307 0.9663461538461539 0.10096153846153846 0.0625
0 0.20552884615384615 0.9302884615384616 0.10096153846153846 0.10096153846153846
0 0.5 0.6454326923076923 0.10096153846153846 0.10096153846153846
0 0.5048076923076923 0.7896634615384616 0.10096153846153846 0.10096153846153846
0 0.4795673076923077 0.5901442307692307 0.10096153846153846 0.10096153846153846
0 0.16947115384615385 0.33533653846153844 0.10096153846153846 0.10096153846153846
0 0.8545673076923077 0.8100961538461539 0.10096153846153846 0.10096153846153846
0 0.875 0.5504807692307693 0.10096153846153846 0.10096153846153846
0 0.6502403846153846 0.2247596153846154 0.10096153846153846 0.10096153846153846
0 0.18990384615384615 0.3894230769230769 0.10096153846153846 0.10096153846153846
0 0.2247596153846154 0.31009615384615385 0.10096153846153846 0.10096153846153846
0 0.47475961538461536 0.19471153846153846 0.10096153846153846 0.10096153846153846
0 0.7548076923076923 0.1045673076923077 0.10096153846153846 0.10096153846153846