0 0.1201923076923077 0.03125 0.10096153846153846 0.057692307692307696
0 0.03245192307692308 0.11057692307692307 0.06490384615384616 0.10096153846153846
0 0.06971153846153846 0.20552884615384615 0.10096153846153846 0.10096153846153846
0 0.3545673076923077 0.5 0.10096153846153846 0.10096153846153846
0 0.21033653846153846 0.5048076923076923 0.10096153846153846 0.10096153846153846
0 0.4098557692307692 0.4795673076923077 0.10096153846153846 0.10096153846153846
0 0.6646634615384616 0.16947115384615385 0.10096153846153846 0.10096153846153846
0 0.18990384615384615 0.8545673076923077 0.10096153846153846 0.10096153846153846
0 0.4495192307692308 0.875 0.10096153846153846 0.10096153846153846
0 0.7752403846153846 0.6502403846153846 0.10096153846153846 0.10096153846153846
0 0.6105769230769231 0.18990384615384615 0.10096153846153846 0.10096153846153846
0 0.6899038461538461 0.2247596153846154 0.10096153846153846 0.10096153846153846
0 0.8052884615384616 0.47475961538461536 0.10096153846153846 0.10096153846153846
0 0.8954326923076923 0.7548076923076923 0.10096153846153846 0.10096153846153846