0 0.23557692307692307 0.5901442307692307 0.08173076923076923 0.08173076923076923
0 0.21514423076923078 0.16947115384615385 0.08173076923076923 0.09134615384615384
0 0.9194711538461539 0.45552884615384615 0.10096153846153846 0.10096153846153846
0 0.9579326923076923 0.5096153846153846 0.06490384615384616 0.10096153846153846
0 0.7548076923076923 0.9399038461538461 0.10096153846153846 0.10096153846153846
0 0.9423076923076923 0.037259615384615384 0.09615384615384616 0.055288461538461536
0 0.9555288461538461 0.7644230769230769 0.06971153846153846 0.10096153846153846
0 0.6899038461538461 0.5853365384615384 0.10096153846153846 0.10096153846153846
0 0.8497596153846154 0.7800480769230769 0.08173076923076923 0.08173076923076923
0 0.5204326923076923 0.5697115384615384 0.08173076923076923 0.08173076923076923
0 0.5348557692307693 0.9615384615384616 0.08413461538461539 0.07211538461538461
0 0.13942307692307693 0.8605769230769231 0.08173076923076923 0.08173076923076923
0 0.21995192307692307 0.375 0.08173076923076923 0.08173076923076923
0 0.23557692307692307 0.21033653846153846 0.08173076923076923 0.08173076923076923