0 0.4098557692307692 0.7644230769230769 0.08173076923076923 0.08173076923076923
0 0.8305288461538461 0.7848557692307693 0.09134615384615384 0.08173076923076923
0 0.5444711538461539 0.08052884615384616 0.10096153846153846 0.10096153846153846
0 0.49038461538461536 0.042067307692307696 0.10096153846153846 0.06490384615384616
0 0.06009615384615385 0.24519230769230768 0.10096153846153846 0.10096153846153846
0 0.9627403846153846 0.057692307692307696 0.055288461538461536 0.09615384615384616
0 0.23557692307692307 0.04447115384615385 0.10096153846153846 0.06971153846153846
0 0.41466346153846156 0.31009615384615385 0.10096153846153846 0.10096153846153846
0 0.21995192307692307 0.1502403846153846 0.08173076923076923 0.08173076923076923
0 0.43028846153846156 0.4795673076923077 0.08173076923076923 0.08173076923076923
0 0.038461538461538464 0.4651442307692308 0.07211538461538461 0.08413461538461539
0 0.13942307692307693 0.8605769230769231 0.08173076923076923 0.08173076923076923
0 0.625 0.7800480769230769 0.08173076923076923 0.08173076923076923
0 0.7896634615384616 0.7644230769230769 0.08173076923076923 0.08173076923076923