0 0.5745192307692307 0.06009615384615385 0.10096153846153846 0.10096153846153846
0 0.7055288461538461 0.3798076923076923 0.10096153846153846 0.10096153846153846
0 0.1346153846153846 0.6201923076923077 0.10096153846153846 0.10096153846153846
0 0.14543269230769232 0.6899038461538461 0.10096153846153846 0.10096153846153846
0 0.8497596153846154 0.8401442307692307 0.10096153846153846 0.10096153846153846
0 0.6899038461538461 0.6754807692307693 0.08173076923076923 0.09134615384615384
0 0.31971153846153844 0.4795673076923077 0.08173076923076923 0.09134615384615384
0 0.15504807692307693 0.9651442307692307 0.08173076923076923 0.05048076923076923
0 0.3245192307692308 0.875 0.10096153846153846 0.10096153846153846
0 0.7403846153846154 0.15504807692307693 0.10096153846153846 0.10096153846153846
0 0.6105769230769231 0.25961538461538464 0.10096153846153846 0.10096153846153846
0 0.5444711538461539 0.1346153846153846 0.10096153846153846 0.10096153846153846
0 0.9098557692307693 0.15504807692307693 0.10096153846153846 0.10096153846153846
0 0.8894230769230769 0.2848557692307692 0.10096153846153846 0.10096153846153846
0 0.9627403846153846 0.7451923076923077 0.055288461538461536 0.10096153846153846
0 0.5600961538461539 0.6646634615384616 0.10096153846153846 0.10096153846153846
0 0.6045673076923077 0.6754807692307693 0.10096153846153846 0.10096153846153846
0 0.5600961538461539 0.7848557692307693 0.10096153846153846 0.10096153846153846
0 0.3762019230769231 0.046875 0.10336538461538461 0.0889423076923077