0 0.9399038461538461 0.5745192307692307 0.10096153846153846 0.10096153846153846
0 0.6201923076923077 0.7055288461538461 0.10096153846153846 0.10096153846153846
0 0.3798076923076923 0.1346153846153846 0.10096153846153846 0.10096153846153846
0 0.31009615384615385 0.14543269230769232 0.10096153846153846 0.10096153846153846
0 0.15985576923076922 0.8497596153846154 0.10096153846153846 0.10096153846153846
0 0.3245192307692308 0.6899038461538461 0.09134615384615384 0.08173076923076923
0 0.5204326923076923 0.31971153846153844 0.09134615384615384 0.08173076923076923
0 0.03485576923076923 0.15504807692307693 0.05048076923076923 0.08173076923076923
0 0.125 0.3245192307692308 0.10096153846153846 0.10096153846153846
0 0.8449519230769231 0.7403846153846154 0.10096153846153846 0.10096153846153846
0 0.7403846153846154 0.6105769230769231 0.10096153846153846 0.10096153846153846
0 0.8653846153846154 0.5444711538461539 0.10096153846153846 0.10096153846153846
0 0.8449519230769231 0.9098557692307693 0.10096153846153846 0.10096153846153846
0 0.7151442307692307 0.8894230769230769 0.10096153846153846 0.10096153846153846
0 0.2548076923076923 0.9627403846153846 0.10096153846153846 0.055288461538461536
0 0.33533653846153844 0.5600961538461539 0.10096153846153846 0.10096153846153846
0 0.3245192307692308 0.6045673076923077 0.10096153846153846 0.10096153846153846
0 0.21514423076923078 0.5600961538461539 0.10096153846153846 0.10096153846153846
0 0.953125 0.3762019230769231 0.0889423076923077 0.10336538461538461