0 0.9399038461538461 0.4254807692307692 0.10096153846153846 0.10096153846153846
0 0.6201923076923077 0.29447115384615385 0.10096153846153846 0.10096153846153846
0 0.3798076923076923 0.8653846153846154 0.10096153846153846 0.10096153846153846
0 0.31009615384615385 0.8545673076923077 0.10096153846153846 0.10096153846153846
0 0.15985576923076922 0.1502403846153846 0.10096153846153846 0.10096153846153846
0 0.3245192307692308 0.31009615384615385 0.09134615384615384 0.08173076923076923
0 0.5204326923076923 0.6802884615384616 0.09134615384615384 0.08173076923076923
0 0.03485576923076923 0.8449519230769231 0.05048076923076923 0.08173076923076923
0 0.125 0.6754807692307693 0.10096153846153846 0.10096153846153846
0 0.8449519230769231 0.25961538461538464 0.10096153846153846 0.10096153846153846
0 0.7403846153846154 0.3894230769230769 0.10096153846153846 0.10096153846153846
0 0.8653846153846154 0.45552884615384615 0.10096153846153846 0.10096153846153846
0 0.8449519230769231 0.09014423076923077 0.10096153846153846 0.10096153846153846
0 0.7151442307692307 0.11057692307692307 0.10096153846153846 0.10096153846153846
0 0.2548076923076923 0.037259615384615384 0.10096153846153846 0.055288461538461536
0 0.33533653846153844 0.43990384615384615 0.10096153846153846 0.10096153846153846
0 0.3245192307692308 0.3954326923076923 0.10096153846153846 0.10096153846153846
0 0.21514423076923078 0.43990384615384615 0.10096153846153846 0.10096153846153846
0 0.953125 0.6262019230769231 0.0889423076923077 0.10336538461538461