0 0.43990384615384615 0.8894230769230769 0.10096153846153846 0.10096153846153846
0 0.38461538461538464 0.9002403846153846 0.09134615384615384 0.09134615384615384
0 0.5649038461538461 0.9651442307692307 0.10096153846153846 0.05048076923076923
0 0.23557692307692307 0.15985576923076922 0.10096153846153846 0.10096153846153846
0 0.8245192307692307 0.9579326923076923 0.09134615384615384 0.06490384615384616
0 0.7355769230769231 0.9098557692307693 0.10096153846153846 0.10096153846153846
0 0.9350961538461539 0.31490384615384615 0.10096153846153846 0.10096153846153846
0 0.9098557692307693 0.6754807692307693 0.10096153846153846 0.10096153846153846
0 0.9002403846153846 0.8798076923076923 0.10096153846153846 0.10096153846153846
0 0.7704326923076923 0.7247596153846154 0.10096153846153846 0.10096153846153846
0 0.5901442307692307 0.40024038461538464 0.10096153846153846 0.10096153846153846
0 0.18509615384615385 0.11538461538461539 0.10096153846153846 0.10096153846153846
0 0.5853365384615384 0.33533653846153844 0.10096153846153846 0.10096153846153846
0 0.6550480769230769 0.47475961538461536 0.10096153846153846 0.10096153846153846
0 0.6045673076923077 0.5300480769230769 0.10096153846153846 0.10096153846153846
0 0.5048076923076923 0.16466346153846154 0.10096153846153846 0.10096153846153846