0 0.11057692307692307 0.43990384615384615 0.10096153846153846 0.10096153846153846
0 0.09975961538461539 0.38461538461538464 0.09134615384615384 0.09134615384615384
0 0.03485576923076923 0.5649038461538461 0.05048076923076923 0.10096153846153846
0 0.8401442307692307 0.23557692307692307 0.10096153846153846 0.10096153846153846
0 0.042067307692307696 0.8245192307692307 0.06490384615384616 0.09134615384615384
0 0.09014423076923077 0.7355769230769231 0.10096153846153846 0.10096153846153846
0 0.6850961538461539 0.9350961538461539 0.10096153846153846 0.10096153846153846
0 0.3245192307692308 0.9098557692307693 0.10096153846153846 0.10096153846153846
0 0.1201923076923077 0.9002403846153846 0.10096153846153846 0.10096153846153846
0 0.27524038461538464 0.7704326923076923 0.10096153846153846 0.10096153846153846
0 0.5997596153846154 0.5901442307692307 0.10096153846153846 0.10096153846153846
0 0.8846153846153846 0.18509615384615385 0.10096153846153846 0.10096153846153846
0 0.6646634615384616 0.5853365384615384 0.10096153846153846 0.10096153846153846
0 0.5252403846153846 0.6550480769230769 0.10096153846153846 0.10096153846153846
0 0.4699519230769231 0.6045673076923077 0.10096153846153846 0.10096153846153846
0 0.8353365384615384 0.5048076923076923 0.10096153846153846 0.10096153846153846