0 0.20552884615384615 0.28966346153846156 0.10096153846153846 0.10096153846153846
0 0.09975961538461539 0.8497596153846154 0.10096153846153846 0.10096153846153846
0 0.03485576923076923 0.7848557692307693 0.06971153846153846 0.10096153846153846
0 0.1201923076923077 0.5949519230769231 0.10096153846153846 0.10096153846153846
0 0.14543269230769232 0.6454326923076923 0.10096153846153846 0.10096153846153846
0 0.8245192307692307 0.43990384615384615 0.10096153846153846 0.10096153846153846
0 0.9555288461538461 0.037259615384615384 0.06971153846153846 0.055288461538461536
0 0.9555288461538461 0.8605769230769231 0.06971153846153846 0.10096153846153846
0 0.8052884615384616 0.75 0.10096153846153846 0.10096153846153846
0 0.7355769230769231 0.1346153846153846 0.10096153846153846 0.10096153846153846
0 0.8954326923076923 0.21514423076923078 0.10096153846153846 0.10096153846153846
0 0.9579326923076923 0.6153846153846154 0.06490384615384616 0.10096153846153846
0 0.6598557692307693 0.7055288461538461 0.10096153846153846 0.10096153846153846
0 0.5048076923076923 0.7103365384615384 0.10096153846153846 0.10096153846153846
0 0.47475961538461536 0.5649038461538461 0.10096153846153846 0.10096153846153846
0 0.5853365384615384 0.5144230769230769 0.10096153846153846 0.10096153846153846
0 0.7199519230769231 0.5444711538461539 0.10096153846153846 0.10096153846153846
0 0.3557692307692308 0.9579326923076923 0.10576923076923077 0.07932692307692307
0 0.33533653846153844 0.07451923076923077 0.10096153846153846 0.10096153846153846
0 0.11057692307692307 0.04447115384615385 0.10096153846153846 0.06971153846153846
0 0.4495192307692308 0.27524038461538464 0.10096153846153846 0.10096153846153846