0 0.7944711538461539 0.28966346153846156 0.10096153846153846 0.10096153846153846
0 0.9002403846153846 0.8497596153846154 0.10096153846153846 0.10096153846153846
0 0.9639423076923077 0.7848557692307693 0.0673076923076923 0.10336538461538461
0 0.8798076923076923 0.5949519230769231 0.10096153846153846 0.10096153846153846
0 0.8545673076923077 0.6454326923076923 0.10096153846153846 0.10096153846153846
0 0.17548076923076922 0.43990384615384615 0.10096153846153846 0.10096153846153846
0 0.04447115384615385 0.037259615384615384 0.06971153846153846 0.055288461538461536
0 0.04447115384615385 0.8605769230769231 0.06971153846153846 0.10096153846153846
0 0.19471153846153846 0.75 0.10096153846153846 0.10096153846153846
0 0.2644230769230769 0.1346153846153846 0.0985576923076923 0.10096153846153846
0 0.1045673076923077 0.21514423076923078 0.10096153846153846 0.10096153846153846
0 0.042067307692307696 0.6153846153846154 0.06490384615384616 0.0985576923076923
0 0.3401442307692308 0.7055288461538461 0.0985576923076923 0.10096153846153846
0 0.4951923076923077 0.7103365384615384 0.10096153846153846 0.10096153846153846
0 0.5252403846153846 0.5649038461538461 0.10096153846153846 0.10096153846153846
0 0.41466346153846156 0.5144230769230769 0.10096153846153846 0.10096153846153846
0 0.2800480769230769 0.5444711538461539 0.10096153846153846 0.10096153846153846
0 0.6466346153846154 0.9579326923076923 0.10576923076923077 0.07932692307692307
0 0.6646634615384616 0.07451923076923077 0.10096153846153846 0.10096153846153846
0 0.8894230769230769 0.04447115384615385 0.10096153846153846 0.06971153846153846
0 0.5504807692307693 0.27524038461538464 0.10096153846153846 0.10096153846153846