0 0.28966346153846156 0.9302884615384616 0.09134615384615384 0.09134615384615384
0 0.06971153846153846 0.11057692307692307 0.09134615384615384 0.09134615384615384
0 0.9146634615384616 0.8100961538461539 0.09134615384615384 0.09134615384615384
0 0.9495192307692307 0.7644230769230769 0.09134615384615384 0.09134615384615384
0 0.9735576923076923 0.7247596153846154 0.04807692307692308 0.09375
0 0.9663461538461539 0.4050480769230769 0.0625 0.09375
0 0.7103365384615384 0.28966346153846156 0.09134615384615384 0.09134615384615384
0 0.5300480769230769 0.042067307692307696 0.09134615384615384 0.06490384615384616
0 0.7848557692307693 0.75 0.09134615384615384 0.09134615384615384
0 0.34975961538461536 0.31490384615384615 0.09134615384615384 0.09134615384615384
0 0.9735576923076923 0.8713942307692307 0.04807692307692308 0.09375
0 0.6201923076923077 0.8846153846153846 0.0889423076923077 0.09134615384615384
0 0.5805288461538461 0.8100961538461539 0.09134615384615384 0.09134615384615384
0 0.6899038461538461 0.7055288461538461 0.08173076923076923 0.08173076923076923
0 0.8449519230769231 0.7403846153846154 0.08173076923076923 0.08173076923076923
0 0.3798076923076923 0.04807692307692308 0.08173076923076923 0.07451923076923077
0 0.4795673076923077 0.33052884615384615 0.08173076923076923 0.08173076923076923
0 0.3605769230769231 0.6802884615384616 0.08173076923076923 0.08173076923076923
0 0.25961538461538464 0.31490384615384615 0.09134615384615384 0.09134615384615384
0 0.12980769230769232 0.3894230769230769 0.09134615384615384 0.09134615384615384
0 0.15504807692307693 0.5048076923076923 0.09134615384615384 0.09134615384615384
0 0.21033653846153846 0.7055288461538461 0.09134615384615384 0.09134615384615384
0 0.18990384615384615 0.8545673076923077 0.09134615384615384 0.09134615384615384
0 0.43028846153846156 0.7800480769230769 0.09134615384615384 0.09134615384615384
0 0.06610576923076923 0.9711538461538461 0.09375 0.052884615384615384
0 0.22956730769230768 0.9350961538461539 0.09134615384615384 0.09134615384615384
0 0.3016826923076923 0.96875 0.09375 0.057692307692307696