0 0.7103365384615384 0.9302884615384616 0.09134615384615384 0.09134615384615384
0 0.9302884615384616 0.11057692307692307 0.09134615384615384 0.09134615384615384
0 0.08533653846153846 0.8100961538461539 0.09134615384615384 0.09134615384615384
0 0.05048076923076923 0.7644230769230769 0.09134615384615384 0.09134615384615384
0 0.025240384615384616 0.7247596153846154 0.05048076923076923 0.09134615384615384
0 0.03245192307692308 0.4050480769230769 0.06490384615384616 0.09134615384615384
0 0.28966346153846156 0.28966346153846156 0.09134615384615384 0.09134615384615384
0 0.4699519230769231 0.042067307692307696 0.09134615384615384 0.06490384615384616
0 0.21514423076923078 0.75 0.09134615384615384 0.09134615384615384
0 0.6502403846153846 0.31490384615384615 0.09134615384615384 0.09134615384615384
0 0.025240384615384616 0.8701923076923077 0.05048076923076923 0.09134615384615384
0 0.3798076923076923 0.8846153846153846 0.09134615384615384 0.09134615384615384
0 0.41947115384615385 0.8100961538461539 0.09134615384615384 0.09134615384615384
0 0.31009615384615385 0.7055288461538461 0.08173076923076923 0.08173076923076923
0 0.15504807692307693 0.7403846153846154 0.08173076923076923 0.08173076923076923
0 0.6201923076923077 0.04807692307692308 0.08173076923076923 0.07451923076923077
0 0.5204326923076923 0.33052884615384615 0.08173076923076923 0.08173076923076923
0 0.6394230769230769 0.6802884615384616 0.08173076923076923 0.08173076923076923
0 0.7403846153846154 0.31490384615384615 0.09134615384615384 0.09134615384615384
0 0.8701923076923077 0.3894230769230769 0.09134615384615384 0.09134615384615384
0 0.8449519230769231 0.5048076923076923 0.09134615384615384 0.09134615384615384
0 0.7896634615384616 0.7055288461538461 0.09134615384615384 0.09134615384615384
0 0.8100961538461539 0.8545673076923077 0.09134615384615384 0.09134615384615384
0 0.5697115384615384 0.7800480769230769 0.09134615384615384 0.09134615384615384
0 0.9350961538461539 0.9711538461538461 0.09134615384615384 0.052884615384615384
0 0.7704326923076923 0.9350961538461539 0.09134615384615384 0.09134615384615384
0 0.6995192307692307 0.96875 0.09134615384615384 0.057692307692307696