0 0.3701923076923077 0.7752403846153846 0.09134615384615384 0.09134615384615384
0 0.40024038461538464 0.8353365384615384 0.09134615384615384 0.09134615384615384
0 0.6802884615384616 0.8894230769230769 0.09134615384615384 0.09134615384615384
0 0.04807692307692308 0.09495192307692307 0.07451923076923077 0.09134615384615384
0 0.45552884615384615 0.8798076923076923 0.10096153846153846 0.10096153846153846
0 0.7199519230769231 0.5805288461538461 0.10096153846153846 0.10096153846153846
0 0.6550480769230769 0.19471153846153846 0.10096153846153846 0.10096153846153846
0 0.41947115384615385 0.18509615384615385 0.10096153846153846 0.10096153846153846
0 0.9050480769230769 0.9098557692307693 0.09134615384615384 0.09134615384615384
0 0.9447115384615384 0.7848557692307693 0.09134615384615384 0.09134615384615384
0 0.8401442307692307 0.7103365384615384 0.09134615384615384 0.09134615384615384
0 0.41947115384615385 0.40024038461538464 0.09134615384615384 0.09134615384615384
0 0.5252403846153846 0.7752403846153846 0.09134615384615384 0.09134615384615384
0 0.47475961538461536 0.3701923076923077 0.09134615384615384 0.09134615384615384
0 0.7548076923076923 0.27524038461538464 0.09134615384615384 0.09134615384615384
0 0.7355769230769231 0.1502403846153846 0.09134615384615384 0.09134615384615384
0 0.5697115384615384 0.2800480769230769 0.09134615384615384 0.09134615384615384
0 0.25961538461538464 0.23557692307692307 0.09134615384615384 0.09134615384615384
0 0.375 0.3245192307692308 0.09134615384615384 0.09134615384615384
0 0.6502403846153846 0.5697115384615384 0.09134615384615384 0.09134615384615384
0 0.3401442307692308 0.6598557692307693 0.09134615384615384 0.09134615384615384
0 0.125 0.5096153846153846 0.09134615384615384 0.09134615384615384
0 0.18028846153846154 0.5697115384615384 0.09134615384615384 0.09134615384615384
0 0.18028846153846154 0.21033653846153846 0.09134615384615384 0.09134615384615384
0 0.2247596153846154 0.18990384615384615 0.09134615384615384 0.09134615384615384