0 0.6298076923076923 0.7752403846153846 0.09134615384615384 0.09134615384615384
0 0.5997596153846154 0.8353365384615384 0.0889423076923077 0.09134615384615384
0 0.31971153846153844 0.8894230769230769 0.09134615384615384 0.09134615384615384
0 0.9519230769230769 0.09495192307692307 0.07451923076923077 0.09134615384615384
0 0.5444711538461539 0.8798076923076923 0.10096153846153846 0.10096153846153846
0 0.2800480769230769 0.5805288461538461 0.10096153846153846 0.10096153846153846
0 0.3449519230769231 0.19471153846153846 0.10096153846153846 0.10096153846153846
0 0.5805288461538461 0.18509615384615385 0.10096153846153846 0.10096153846153846
0 0.09495192307692307 0.9098557692307693 0.09134615384615384 0.09134615384615384
0 0.055288461538461536 0.7848557692307693 0.09134615384615384 0.09134615384615384
0 0.15985576923076922 0.7103365384615384 0.09134615384615384 0.09134615384615384
0 0.5805288461538461 0.40024038461538464 0.09134615384615384 0.09134615384615384
0 0.47475961538461536 0.7752403846153846 0.09134615384615384 0.09134615384615384
0 0.5252403846153846 0.3701923076923077 0.09134615384615384 0.09134615384615384
0 0.24519230769230768 0.27524038461538464 0.09134615384615384 0.09134615384615384
0 0.2644230769230769 0.1502403846153846 0.0889423076923077 0.09134615384615384
0 0.43028846153846156 0.2800480769230769 0.09134615384615384 0.09134615384615384
0 0.7403846153846154 0.23557692307692307 0.09134615384615384 0.09134615384615384
0 0.625 0.3245192307692308 0.09134615384615384 0.09134615384615384
0 0.34975961538461536 0.5697115384615384 0.09134615384615384 0.09134615384615384
0 0.6598557692307693 0.6598557692307693 0.09134615384615384 0.09134615384615384
0 0.875 0.5096153846153846 0.09134615384615384 0.09134615384615384
0 0.8197115384615384 0.5697115384615384 0.09134615384615384 0.09134615384615384
0 0.8197115384615384 0.21033653846153846 0.09134615384615384 0.09134615384615384
0 0.7752403846153846 0.18990384615384615 0.09134615384615384 0.09134615384615384