0 0.20552884615384615 0.09975961538461539 0.10096153846153846 0.10096153846153846
0 0.039663461538461536 0.12980769230769232 0.06009615384615385 0.10096153846153846
0 0.06490384615384616 0.875 0.10096153846153846 0.10096153846153846
0 0.9399038461538461 0.33533653846153844 0.10096153846153846 0.10096153846153846
0 0.08533653846153846 0.7644230769230769 0.10096153846153846 0.10096153846153846
0 0.8004807692307693 0.8245192307692307 0.10096153846153846 0.10096153846153846
0 0.5697115384615384 0.055288461538461536 0.10096153846153846 0.10096153846153846
0 0.9483173076923077 0.25600961538461536 0.0985576923076923 0.10336538461538461
0 0.5252403846153846 0.6153846153846154 0.10096153846153846 0.10096153846153846
0 0.2403846153846154 0.5300480769230769 0.10096153846153846 0.10096153846153846
0 0.43028846153846156 0.5252403846153846 0.10096153846153846 0.10096153846153846