0 0.20552884615384615 0.9002403846153846 0.10096153846153846 0.10096153846153846
0 0.039663461538461536 0.8701923076923077 0.06009615384615385 0.10096153846153846
0 0.06490384615384616 0.125 0.10096153846153846 0.10096153846153846
0 0.9399038461538461 0.6646634615384616 0.10096153846153846 0.10096153846153846
0 0.08533653846153846 0.23557692307692307 0.10096153846153846 0.10096153846153846
0 0.8004807692307693 0.17548076923076922 0.10096153846153846 0.10096153846153846
0 0.5697115384615384 0.9447115384615384 0.10096153846153846 0.10096153846153846
0 0.9483173076923077 0.7463942307692307 0.0985576923076923 0.10336538461538461
0 0.5252403846153846 0.38461538461538464 0.10096153846153846 0.10096153846153846
0 0.2403846153846154 0.4699519230769231 0.10096153846153846 0.10096153846153846
0 0.43028846153846156 0.47475961538461536 0.10096153846153846 0.10096153846153846