0 0.8401442307692307 0.7704326923076923 0.09134615384615384 0.08173076923076923
0 0.96875 0.6959134615384616 0.057692307692307696 0.08413461538461539
0 0.6646634615384616 0.9495192307692307 0.0985576923076923 0.08173076923076923
0 0.3245192307692308 0.7295673076923077 0.10096153846153846 0.10096153846153846
0 0.9254807692307693 0.43028846153846156 0.09134615384615384 0.08173076923076923
0 0.953125 0.3016826923076923 0.0889423076923077 0.08413461538461539
0 0.4795673076923077 0.46033653846153844 0.10096153846153846 0.09134615384615384
0 0.09014423076923077 0.2704326923076923 0.11057692307692307 0.08173076923076923
0 0.24519230769230768 0.6550480769230769 0.09134615384615384 0.08173076923076923
0 0.19471153846153846 0.8954326923076923 0.09134615384615384 0.08173076923076923
0 0.21514423076923078 0.7355769230769231 0.10096153846153846 0.10096153846153846
0 0.5997596153846154 0.7355769230769231 0.10096153846153846 0.10096153846153846
0 0.5144230769230769 0.24519230769230768 0.10096153846153846 0.10096153846153846
0 0.8305288461538461 0.8653846153846154 0.10096153846153846 0.10096153846153846
0 0.5096153846153846 0.8353365384615384 0.10096153846153846 0.10096153846153846
0 0.7247596153846154 0.6201923076923077 0.10096153846153846 0.10096153846153846
0 0.6995192307692307 0.028846153846153848 0.10096153846153846 0.052884615384615384
0 0.125 0.4855769230769231 0.10096153846153846 0.10096153846153846
0 0.18990384615384615 0.3545673076923077 0.10096153846153846 0.10096153846153846