0 0.22956730769230768 0.8401442307692307 0.08173076923076923 0.09134615384615384
0 0.30528846153846156 0.96875 0.08173076923076923 0.057692307692307696
0 0.05048076923076923 0.6646634615384616 0.08173076923076923 0.0985576923076923
0 0.2704326923076923 0.3245192307692308 0.10096153846153846 0.10096153846153846
0 0.5697115384615384 0.9254807692307693 0.08173076923076923 0.09134615384615384
0 0.6983173076923077 0.953125 0.08413461538461539 0.0889423076923077
0 0.5396634615384616 0.4795673076923077 0.09134615384615384 0.10096153846153846
0 0.7295673076923077 0.09014423076923077 0.08173076923076923 0.11057692307692307
0 0.3449519230769231 0.24519230769230768 0.08173076923076923 0.09134615384615384
0 0.1045673076923077 0.19471153846153846 0.08173076923076923 0.09134615384615384
0 0.2644230769230769 0.21514423076923078 0.10096153846153846 0.10096153846153846
0 0.2644230769230769 0.5997596153846154 0.10096153846153846 0.10096153846153846
0 0.7548076923076923 0.5144230769230769 0.10096153846153846 0.10096153846153846
0 0.1346153846153846 0.8305288461538461 0.10096153846153846 0.10096153846153846
0 0.16466346153846154 0.5096153846153846 0.10096153846153846 0.10096153846153846
0 0.3798076923076923 0.7247596153846154 0.10096153846153846 0.10096153846153846
0 0.9711538461538461 0.7007211538461539 0.052884615384615384 0.10336538461538461
0 0.5144230769230769 0.125 0.10096153846153846 0.10096153846153846
0 0.6454326923076923 0.18990384615384615 0.10096153846153846 0.10096153846153846