0 0.3701923076923077 0.7451923076923077 0.10096153846153846 0.10096153846153846
0 0.13942307692307693 0.9002403846153846 0.10096153846153846 0.10096153846153846
0 0.1502403846153846 0.9495192307692307 0.10096153846153846 0.08173076923076923
0 0.03485576923076923 0.875 0.06971153846153846 0.10096153846153846
0 0.21033653846153846 0.625 0.10096153846153846 0.10096153846153846
0 0.25961538461538464 0.5997596153846154 0.09134615384615384 0.09134615384615384
0 0.5348557692307693 0.5697115384615384 0.10096153846153846 0.10096153846153846
0 0.43028846153846156 0.9002403846153846 0.10096153846153846 0.10096153846153846
0 0.4651442307692308 0.9603365384615384 0.10096153846153846 0.06009615384615385
0 0.41947115384615385 0.6045673076923077 0.10096153846153846 0.10096153846153846
0 0.13942307692307693 0.7355769230769231 0.10096153846153846 0.10096153846153846