0 0.2548076923076923 0.6298076923076923 0.10096153846153846 0.10096153846153846
0 0.09975961538461539 0.8605769230769231 0.10096153846153846 0.10096153846153846
0 0.05048076923076923 0.8497596153846154 0.08173076923076923 0.10096153846153846
0 0.125 0.9639423076923077 0.10096153846153846 0.0673076923076923
0 0.375 0.7896634615384616 0.10096153846153846 0.10096153846153846
0 0.40024038461538464 0.7403846153846154 0.09134615384615384 0.09134615384615384
0 0.43028846153846156 0.4651442307692308 0.10096153846153846 0.10096153846153846
0 0.09975961538461539 0.5697115384615384 0.10096153846153846 0.10096153846153846
0 0.039663461538461536 0.5348557692307693 0.06009615384615385 0.10096153846153846
0 0.3954326923076923 0.5805288461538461 0.10096153846153846 0.10096153846153846
0 0.2644230769230769 0.8605769230769231 0.10096153846153846 0.10096153846153846