0 0.7199519230769231 0.22956730769230768 0.10096153846153846 0.10096153846153846
0 0.31009615384615385 0.875 0.10096153846153846 0.10096153846153846
0 0.36538461538461536 0.8605769230769231 0.10096153846153846 0.10096153846153846
0 0.34975961538461536 0.6899038461538461 0.10096153846153846 0.10096153846153846
0 0.3004807692307692 0.6598557692307693 0.10096153846153846 0.10096153846153846
0 0.1502403846153846 0.9002403846153846 0.10096153846153846 0.10096153846153846
0 0.052884615384615384 0.6201923076923077 0.08653846153846154 0.10096153846153846
0 0.2644230769230769 0.46033653846153844 0.10096153846153846 0.10096153846153846
0 0.4699519230769231 0.5252403846153846 0.10096153846153846 0.10096153846153846
0 0.43990384615384615 0.36538461538461536 0.10096153846153846 0.10096153846153846
0 0.36538461538461536 0.43990384615384615 0.10096153846153846 0.10096153846153846
0 0.5048076923076923 0.8245192307692307 0.10096153846153846 0.10096153846153846
0 0.8305288461538461 0.9423076923076923 0.10096153846153846 0.09615384615384616
0 0.9483173076923077 0.7944711538461539 0.0985576923076923 0.10336538461538461
0 0.9254807692307693 0.8401442307692307 0.10096153846153846 0.10096153846153846
0 0.8894230769230769 0.6694711538461539 0.10096153846153846 0.0985576923076923