0 0.2800480769230769 0.7704326923076923 0.10096153846153846 0.10096153846153846
0 0.6899038461538461 0.125 0.10096153846153846 0.10096153846153846
0 0.6346153846153846 0.13942307692307693 0.10096153846153846 0.10096153846153846
0 0.6502403846153846 0.31009615384615385 0.10096153846153846 0.10096153846153846
0 0.6995192307692307 0.3401442307692308 0.10096153846153846 0.10096153846153846
0 0.8497596153846154 0.09975961538461539 0.10096153846153846 0.10096153846153846
0 0.9471153846153846 0.3798076923076923 0.08653846153846154 0.10096153846153846
0 0.7355769230769231 0.5396634615384616 0.10096153846153846 0.10096153846153846
0 0.5300480769230769 0.47475961538461536 0.10096153846153846 0.10096153846153846
0 0.5600961538461539 0.6346153846153846 0.10096153846153846 0.10096153846153846
0 0.6346153846153846 0.5600961538461539 0.10096153846153846 0.10096153846153846
0 0.4951923076923077 0.17548076923076922 0.10096153846153846 0.10096153846153846
0 0.16947115384615385 0.057692307692307696 0.10096153846153846 0.09615384615384616
0 0.05048076923076923 0.20552884615384615 0.10096153846153846 0.10096153846153846
0 0.07451923076923077 0.15985576923076922 0.10096153846153846 0.10096153846153846
0 0.11057692307692307 0.33052884615384615 0.10096153846153846 0.10096153846153846