0 0.06490384615384616 0.9495192307692307 0.09134615384615384 0.09134615384615384
0 0.5600961538461539 0.8449519230769231 0.09134615384615384 0.09134615384615384
0 0.7944711538461539 0.9254807692307693 0.09134615384615384 0.09134615384615384
0 0.7403846153846154 0.7247596153846154 0.09134615384615384 0.09134615384615384
0 0.030048076923076924 0.8605769230769231 0.06009615384615385 0.10096153846153846
0 0.7800480769230769 0.6802884615384616 0.10096153846153846 0.10096153846153846
0 0.9495192307692307 0.6105769230769231 0.08173076923076923 0.10096153846153846
0 0.9519230769230769 0.7403846153846154 0.07451923076923077 0.10096153846153846
0 0.9002403846153846 0.6850961538461539 0.10096153846153846 0.10096153846153846
0 0.24519230769230768 0.3004807692307692 0.10096153846153846 0.10096153846153846
0 0.29447115384615385 0.3401442307692308 0.10096153846153846 0.10096153846153846