0 0.5144230769230769 0.27524038461538464 0.09134615384615384 0.09134615384615384
0 0.040865384615384616 0.44471153846153844 0.08173076923076923 0.09134615384615384
0 0.8449519230769231 0.49038461538461536 0.09134615384615384 0.09134615384615384
0 0.625 0.34975961538461536 0.09134615384615384 0.09134615384615384
0 0.7151442307692307 0.375 0.09134615384615384 0.09134615384615384
0 0.46033653846153844 0.75 0.09134615384615384 0.09134615384615384
0 0.5348557692307693 0.6850961538461539 0.09134615384615384 0.09134615384615384
0 0.45552884615384615 0.3701923076923077 0.09134615384615384 0.09134615384615384
0 0.44471153846153844 0.27524038461538464 0.09134615384615384 0.09134615384615384
0 0.7644230769230769 0.49038461538461536 0.10096153846153846 0.10096153846153846
0 0.6754807692307693 0.055288461538461536 0.10096153846153846 0.10096153846153846
0 0.7800480769230769 0.09014423076923077 0.10096153846153846 0.10096153846153846
0 0.9423076923076923 0.03365384615384615 0.09615384615384616 0.0625
0 0.9050480769230769 0.21995192307692307 0.10096153846153846 0.10096153846153846
0 0.8894230769230769 0.38461538461538464 0.10096153846153846 0.10096153846153846
0 0.3245192307692308 0.6694711538461539 0.10096153846153846 0.10096153846153846
0 0.16466346153846154 0.06971153846153846 0.10096153846153846 0.10096153846153846
0 0.07451923076923077 0.036057692307692304 0.10096153846153846 0.0673076923076923
0 0.19951923076923078 0.22956730769230768 0.10096153846153846 0.10096153846153846
0 0.15985576923076922 0.7295673076923077 0.10096153846153846 0.10096153846153846