0 0.7247596153846154 0.5144230769230769 0.09134615384615384 0.09134615384615384
0 0.5540865384615384 0.042067307692307696 0.09375 0.07932692307692307
0 0.5096153846153846 0.8449519230769231 0.09134615384615384 0.09134615384615384
0 0.6502403846153846 0.625 0.09134615384615384 0.09134615384615384
0 0.625 0.7151442307692307 0.09134615384615384 0.09134615384615384
0 0.25 0.46033653846153844 0.09134615384615384 0.09134615384615384
0 0.31490384615384615 0.5348557692307693 0.09134615384615384 0.09134615384615384
0 0.6298076923076923 0.45552884615384615 0.09134615384615384 0.09134615384615384
0 0.7247596153846154 0.44471153846153844 0.09134615384615384 0.09134615384615384
0 0.5096153846153846 0.7644230769230769 0.10096153846153846 0.10096153846153846
0 0.9447115384615384 0.6754807692307693 0.10096153846153846 0.10096153846153846
0 0.9098557692307693 0.7800480769230769 0.10096153846153846 0.10096153846153846
0 0.9663461538461539 0.9435096153846154 0.0625 0.0985576923076923
0 0.7800480769230769 0.9050480769230769 0.10096153846153846 0.10096153846153846
0 0.6153846153846154 0.8894230769230769 0.0985576923076923 0.10096153846153846
0 0.33052884615384615 0.3245192307692308 0.10096153846153846 0.10096153846153846
0 0.9302884615384616 0.16466346153846154 0.10096153846153846 0.10096153846153846
0 0.9639423076923077 0.07572115384615384 0.0673076923076923 0.10336538461538461
0 0.7704326923076923 0.19951923076923078 0.10096153846153846 0.10096153846153846
0 0.2704326923076923 0.15985576923076922 0.0985576923076923 0.10096153846153846