0 0.27524038461538464 0.4855769230769231 0.09134615384615384 0.09134615384615384
0 0.44591346153846156 0.9579326923076923 0.09375 0.07932692307692307
0 0.49038461538461536 0.15504807692307693 0.09134615384615384 0.09134615384615384
0 0.34975961538461536 0.375 0.09134615384615384 0.09134615384615384
0 0.375 0.2848557692307692 0.09134615384615384 0.09134615384615384
0 0.75 0.5396634615384616 0.09134615384615384 0.09134615384615384
0 0.6850961538461539 0.4651442307692308 0.09134615384615384 0.09134615384615384
0 0.3701923076923077 0.5444711538461539 0.09134615384615384 0.09134615384615384
0 0.27524038461538464 0.5552884615384616 0.09134615384615384 0.09134615384615384
0 0.49038461538461536 0.23557692307692307 0.10096153846153846 0.10096153846153846
0 0.055288461538461536 0.3245192307692308 0.10096153846153846 0.10096153846153846
0 0.09014423076923077 0.21995192307692307 0.10096153846153846 0.10096153846153846
0 0.03365384615384615 0.057692307692307696 0.0625 0.09615384615384616
0 0.21995192307692307 0.09495192307692307 0.10096153846153846 0.10096153846153846
0 0.38461538461538464 0.11057692307692307 0.10096153846153846 0.10096153846153846
0 0.6694711538461539 0.6754807692307693 0.10096153846153846 0.10096153846153846
0 0.06971153846153846 0.8353365384615384 0.10096153846153846 0.10096153846153846
0 0.036057692307692304 0.9254807692307693 0.0673076923076923 0.10096153846153846
0 0.22956730769230768 0.8004807692307693 0.10096153846153846 0.10096153846153846
0 0.7295673076923077 0.8401442307692307 0.10096153846153846 0.10096153846153846