0 0.4795673076923077 0.20552884615384615 0.10096153846153846 0.10096153846153846
0 0.43028846153846156 0.3004807692307692 0.10096153846153846 0.10096153846153846
0 0.5600961538461539 0.5697115384615384 0.10096153846153846 0.10096153846153846
0 0.5300480769230769 0.8197115384615384 0.10096153846153846 0.10096153846153846
0 0.2548076923076923 0.8798076923076923 0.10096153846153846 0.10096153846153846
0 0.43990384615384615 0.7944711538461539 0.08173076923076923 0.08173076923076923
0 0.1346153846153846 0.28966346153846156 0.08173076923076923 0.08173076923076923
0 0.02283653846153846 0.4050480769230769 0.04567307692307692 0.08173076923076923
0 0.1201923076923077 0.13942307692307693 0.08173076923076923 0.08173076923076923
0 0.16466346153846154 0.4951923076923077 0.08173076923076923 0.08173076923076923
0 0.3605769230769231 0.6947115384615384 0.08173076923076923 0.08173076923076923