0 0.4795673076923077 0.7944711538461539 0.10096153846153846 0.10096153846153846
0 0.43028846153846156 0.6995192307692307 0.10096153846153846 0.10096153846153846
0 0.5600961538461539 0.43028846153846156 0.10096153846153846 0.10096153846153846
0 0.5300480769230769 0.18028846153846154 0.10096153846153846 0.10096153846153846
0 0.2548076923076923 0.1201923076923077 0.10096153846153846 0.10096153846153846
0 0.43990384615384615 0.20552884615384615 0.08173076923076923 0.08173076923076923
0 0.1346153846153846 0.7103365384615384 0.08173076923076923 0.08173076923076923
0 0.02283653846153846 0.5949519230769231 0.04567307692307692 0.07932692307692307
0 0.1201923076923077 0.8605769230769231 0.08173076923076923 0.08173076923076923
0 0.16466346153846154 0.5048076923076923 0.08173076923076923 0.08173076923076923
0 0.3605769230769231 0.30528846153846156 0.08173076923076923 0.08173076923076923