0 0.9483173076923077 0.36658653846153844 0.0985576923076923 0.10336538461538461
0 0.8305288461538461 0.36538461538461536 0.10096153846153846 0.10096153846153846
0 0.6754807692307693 0.38461538461538464 0.10096153846153846 0.10096153846153846
0 0.8653846153846154 0.9519230769230769 0.10096153846153846 0.07451923076923077
0 0.17548076923076922 0.5600961538461539 0.10096153846153846 0.10096153846153846
0 0.3004807692307692 0.5 0.10096153846153846 0.10096153846153846
0 0.43028846153846156 0.6454326923076923 0.09134615384615384 0.09134615384615384
0 0.4951923076923077 0.030048076923076924 0.09134615384615384 0.06009615384615385
0 0.953125 0.03485576923076923 0.0889423076923077 0.06971153846153846
0 0.8798076923076923 0.1502403846153846 0.09134615384615384 0.09134615384615384
0 0.41466346153846156 0.23557692307692307 0.09134615384615384 0.09134615384615384
0 0.14543269230769232 0.7403846153846154 0.09134615384615384 0.09134615384615384
0 0.25 0.7055288461538461 0.09134615384615384 0.09134615384615384
0 0.4254807692307692 0.5649038461538461 0.10096153846153846 0.10096153846153846
0 0.8401442307692307 0.41947115384615385 0.10096153846153846 0.10096153846153846