0 0.6850961538461539 0.9254807692307693 0.10096153846153846 0.10096153846153846
0 0.5901442307692307 0.3401442307692308 0.09134615384615384 0.09134615384615384
0 0.34975961538461536 0.5 0.10096153846153846 0.10096153846153846
0 0.6947115384615384 0.5144230769230769 0.10096153846153846 0.10096153846153846
0 0.8197115384615384 0.8004807692307693 0.10096153846153846 0.10096153846153846
0 0.7752403846153846 0.7247596153846154 0.10096153846153846 0.10096153846153846
0 0.625 0.8149038461538461 0.10096153846153846 0.10096153846153846
0 0.8497596153846154 0.3798076923076923 0.10096153846153846 0.10096153846153846
0 0.9002403846153846 0.17548076923076922 0.10096153846153846 0.10096153846153846
0 0.9615384615384616 0.04927884615384615 0.07211538461538461 0.0985576923076923
0 0.4855769230769231 0.6502403846153846 0.09134615384615384 0.09134615384615384
0 0.4951923076923077 0.5997596153846154 0.09134615384615384 0.09134615384615384
0 0.44471153846153844 0.7800480769230769 0.10096153846153846 0.10096153846153846