0 0.07451923076923077 0.6850961538461539 0.10096153846153846 0.10096153846153846
0 0.6598557692307693 0.5901442307692307 0.09134615384615384 0.09134615384615384
0 0.5 0.34975961538461536 0.10096153846153846 0.10096153846153846
0 0.4855769230769231 0.6947115384615384 0.10096153846153846 0.10096153846153846
0 0.19951923076923078 0.8197115384615384 0.10096153846153846 0.10096153846153846
0 0.27524038461538464 0.7752403846153846 0.10096153846153846 0.10096153846153846
0 0.18509615384615385 0.625 0.10096153846153846 0.10096153846153846
0 0.6201923076923077 0.8497596153846154 0.10096153846153846 0.10096153846153846
0 0.8245192307692307 0.9002403846153846 0.10096153846153846 0.10096153846153846
0 0.9507211538461539 0.9615384615384616 0.09375 0.07211538461538461
0 0.34975961538461536 0.4855769230769231 0.09134615384615384 0.09134615384615384
0 0.40024038461538464 0.4951923076923077 0.09134615384615384 0.09134615384615384
0 0.21995192307692307 0.44471153846153844 0.10096153846153846 0.10096153846153846