0 0.18509615384615385 0.5697115384615384 0.09134615384615384 0.09134615384615384
0 0.23557692307692307 0.43990384615384615 0.09134615384615384 0.09134615384615384
0 0.33052884615384615 0.47475961538461536 0.09134615384615384 0.09134615384615384
0 0.21514423076923078 0.2644230769230769 0.09134615384615384 0.09134615384615384
0 0.8100961538461539 0.16466346153846154 0.09134615384615384 0.09134615384615384
0 0.33052884615384615 0.2848557692307692 0.09134615384615384 0.09134615384615384
0 0.33533653846153844 0.3449519230769231 0.09134615384615384 0.09134615384615384
0 0.5348557692307693 0.22956730769230768 0.09134615384615384 0.09134615384615384
0 0.13942307692307693 0.2644230769230769 0.09134615384615384 0.09134615384615384
0 0.8701923076923077 0.8245192307692307 0.09134615384615384 0.09134615384615384
0 0.6153846153846154 0.5144230769230769 0.09134615384615384 0.09134615384615384
0 0.09014423076923077 0.9146634615384616 0.09134615384615384 0.09134615384615384
0 0.6298076923076923 0.8545673076923077 0.0889423076923077 0.09134615384615384
0 0.5649038461538461 0.8401442307692307 0.09134615384615384 0.09134615384615384
0 0.46033653846153844 0.8798076923076923 0.09134615384615384 0.09134615384615384
0 0.43028846153846156 0.9254807692307693 0.09134615384615384 0.09134615384615384
0 0.3798076923076923 0.7199519230769231 0.09134615384615384 0.09134615384615384
0 0.5396634615384616 0.6045673076923077 0.09134615384615384 0.09134615384615384
0 0.6850961538461539 0.6045673076923077 0.09134615384615384 0.09134615384615384
0 0.7403846153846154 0.5552884615384616 0.09134615384615384 0.09134615384615384
0 0.7151442307692307 0.43509615384615385 0.09134615384615384 0.09134615384615384
0 0.8245192307692307 0.3894230769230769 0.09134615384615384 0.09134615384615384
0 0.8846153846153846 0.2548076923076923 0.09134615384615384 0.09134615384615384
0 0.96875 0.09014423076923077 0.057692307692307696 0.09375
0 0.6694711538461539 0.5 0.09134615384615384 0.09134615384615384
0 0.9399038461538461 0.4951923076923077 0.09134615384615384 0.09134615384615384
0 0.96875 0.6310096153846154 0.057692307692307696 0.09375