0 0.8149038461538461 0.43028846153846156 0.09134615384615384 0.09134615384615384
0 0.7644230769230769 0.5600961538461539 0.09134615384615384 0.09134615384615384
0 0.6694711538461539 0.5252403846153846 0.09134615384615384 0.09134615384615384
0 0.7848557692307693 0.7355769230769231 0.09134615384615384 0.09134615384615384
0 0.18990384615384615 0.8353365384615384 0.09134615384615384 0.09134615384615384
0 0.6694711538461539 0.7151442307692307 0.09134615384615384 0.09134615384615384
0 0.6646634615384616 0.6550480769230769 0.09134615384615384 0.09134615384615384
0 0.4651442307692308 0.7704326923076923 0.09134615384615384 0.09134615384615384
0 0.8605769230769231 0.7355769230769231 0.09134615384615384 0.09134615384615384
0 0.12980769230769232 0.17548076923076922 0.09134615384615384 0.09134615384615384
0 0.38461538461538464 0.4855769230769231 0.09134615384615384 0.09134615384615384
0 0.9098557692307693 0.08533653846153846 0.09134615384615384 0.09134615384615384
0 0.3701923076923077 0.14543269230769232 0.09134615384615384 0.09134615384615384
0 0.43509615384615385 0.15985576923076922 0.09134615384615384 0.09134615384615384
0 0.5396634615384616 0.1201923076923077 0.09134615384615384 0.09134615384615384
0 0.5697115384615384 0.07451923076923077 0.09134615384615384 0.09134615384615384
0 0.6201923076923077 0.2800480769230769 0.09134615384615384 0.09134615384615384
0 0.46033653846153844 0.3954326923076923 0.09134615384615384 0.09134615384615384
0 0.31490384615384615 0.3954326923076923 0.09134615384615384 0.09134615384615384
0 0.25961538461538464 0.44471153846153844 0.09134615384615384 0.09134615384615384
0 0.2848557692307692 0.5649038461538461 0.09134615384615384 0.09134615384615384
0 0.17548076923076922 0.6105769230769231 0.09134615384615384 0.09134615384615384
0 0.11538461538461539 0.7451923076923077 0.09134615384615384 0.09134615384615384
0 0.030048076923076924 0.9098557692307693 0.06009615384615385 0.09134615384615384
0 0.33052884615384615 0.5 0.09134615384615384 0.09134615384615384
0 0.06009615384615385 0.5048076923076923 0.09134615384615384 0.09134615384615384
0 0.030048076923076924 0.3701923076923077 0.06009615384615385 0.09134615384615384