0 0.6394230769230769 0.5997596153846154 0.09134615384615384 0.09134615384615384
0 0.6298076923076923 0.2848557692307692 0.10096153846153846 0.11057692307692307
0 0.6550480769230769 0.18509615384615385 0.10096153846153846 0.11057692307692307
0 0.5396634615384616 0.30528846153846156 0.10096153846153846 0.11057692307692307
0 0.45552884615384615 0.45552884615384615 0.10096153846153846 0.11057692307692307
0 0.4795673076923077 0.8653846153846154 0.10096153846153846 0.11057692307692307
0 0.9471153846153846 0.9399038461538461 0.08653846153846154 0.10096153846153846
0 0.9471153846153846 0.3798076923076923 0.08653846153846154 0.09134615384615384
0 0.43509615384615385 0.5600961538461539 0.09134615384615384 0.09134615384615384
0 0.49038461538461536 0.6454326923076923 0.09134615384615384 0.09134615384615384
0 0.5901442307692307 0.5444711538461539 0.09134615384615384 0.09134615384615384
0 0.6802884615384616 0.9447115384615384 0.09134615384615384 0.09134615384615384
0 0.8798076923076923 0.8605769230769231 0.09134615384615384 0.09134615384615384
0 0.6298076923076923 0.9519230769230769 0.09134615384615384 0.07451923076923077