0 0.3605769230769231 0.5997596153846154 0.09134615384615384 0.09134615384615384
0 0.3701923076923077 0.2848557692307692 0.10096153846153846 0.11057692307692307
0 0.3449519230769231 0.18509615384615385 0.10096153846153846 0.11057692307692307
0 0.46033653846153844 0.30528846153846156 0.10096153846153846 0.11057692307692307
0 0.5444711538461539 0.45552884615384615 0.10096153846153846 0.11057692307692307
0 0.5204326923076923 0.8653846153846154 0.10096153846153846 0.11057692307692307
0 0.052884615384615384 0.9399038461538461 0.08653846153846154 0.10096153846153846
0 0.052884615384615384 0.3798076923076923 0.08653846153846154 0.09134615384615384
0 0.5649038461538461 0.5600961538461539 0.09134615384615384 0.09134615384615384
0 0.5096153846153846 0.6454326923076923 0.09134615384615384 0.09134615384615384
0 0.4098557692307692 0.5444711538461539 0.09134615384615384 0.09134615384615384
0 0.31971153846153844 0.9447115384615384 0.09134615384615384 0.09134615384615384
0 0.1201923076923077 0.8605769230769231 0.09134615384615384 0.09134615384615384
0 0.3701923076923077 0.9519230769230769 0.09134615384615384 0.07451923076923077