0 0.40024038461538464 0.3605769230769231 0.09134615384615384 0.09134615384615384
0 0.7151442307692307 0.3701923076923077 0.11057692307692307 0.10096153846153846
0 0.8149038461538461 0.3449519230769231 0.11057692307692307 0.10096153846153846
0 0.6947115384615384 0.46033653846153844 0.11057692307692307 0.10096153846153846
0 0.5444711538461539 0.5444711538461539 0.11057692307692307 0.10096153846153846
0 0.1346153846153846 0.5204326923076923 0.11057692307692307 0.10096153846153846
0 0.06009615384615385 0.052884615384615384 0.10096153846153846 0.08653846153846154
0 0.6201923076923077 0.052884615384615384 0.09134615384615384 0.08653846153846154
0 0.43990384615384615 0.5649038461538461 0.09134615384615384 0.09134615384615384
0 0.3545673076923077 0.5096153846153846 0.09134615384615384 0.09134615384615384
0 0.45552884615384615 0.4098557692307692 0.09134615384615384 0.09134615384615384
0 0.055288461538461536 0.31971153846153844 0.09134615384615384 0.09134615384615384
0 0.13942307692307693 0.1201923076923077 0.09134615384615384 0.09134615384615384
0 0.04807692307692308 0.3701923076923077 0.07451923076923077 0.09134615384615384