0 0.3701923076923077 0.25961538461538464 0.09134615384615384 0.09134615384615384
0 0.6550480769230769 0.03125 0.09375 0.057692307692307696
0 0.5252403846153846 0.09975961538461539 0.09134615384615384 0.08173076923076923
0 0.5745192307692307 0.11538461538461539 0.09134615384615384 0.09134615384615384
0 0.4699519230769231 0.1045673076923077 0.09134615384615384 0.09134615384615384
0 0.8701923076923077 0.03365384615384615 0.09134615384615384 0.0625
0 0.8449519230769231 0.43509615384615385 0.09134615384615384 0.09134615384615384
0 0.7596153846153846 0.5697115384615384 0.09134615384615384 0.09134615384615384
0 0.6754807692307693 0.8605769230769231 0.09134615384615384 0.09134615384615384
0 0.6550480769230769 0.9302884615384616 0.09134615384615384 0.09134615384615384
0 0.5444711538461539 0.7704326923076923 0.09134615384615384 0.09134615384615384
0 0.43028846153846156 0.8353365384615384 0.09134615384615384 0.09134615384615384
0 0.4098557692307692 0.3605769230769231 0.09134615384615384 0.09134615384615384
0 0.4495192307692308 0.5552884615384616 0.09134615384615384 0.09134615384615384
0 0.12980769230769232 0.7800480769230769 0.10096153846153846 0.10096153846153846
0 0.040865384615384616 0.7596153846153846 0.08173076923076923 0.10096153846153846
0 0.11057692307692307 0.8798076923076923 0.10096153846153846 0.10096153846153846
0 0.3245192307692308 0.8245192307692307 0.09134615384615384 0.09134615384615384
0 0.5300480769230769 0.41947115384615385 0.10096153846153846 0.10096153846153846
0 0.5649038461538461 0.5204326923076923 0.09134615384615384 0.09134615384615384
0 0.11538461538461539 0.45552884615384615 0.09134615384615384 0.09134615384615384
0 0.12980769230769232 0.5144230769230769 0.09134615384615384 0.09134615384615384
0 0.11057692307692307 0.12980769230769232 0.09134615384615384 0.09134615384615384
0 0.07451923076923077 0.6646634615384616 0.09134615384615384 0.09134615384615384
0 0.2548076923076923 0.5552884615384616 0.09134615384615384 0.09134615384615384
0 0.037259615384615384 0.3449519230769231 0.07451923076923077 0.09134615384615384