0 0.25961538461538464 0.6298076923076923 0.09134615384615384 0.09134615384615384
0 0.03125 0.3449519230769231 0.057692307692307696 0.09375
0 0.09975961538461539 0.47475961538461536 0.08173076923076923 0.09134615384615384
0 0.11538461538461539 0.4254807692307692 0.09134615384615384 0.09134615384615384
0 0.1045673076923077 0.5300480769230769 0.09134615384615384 0.09134615384615384
0 0.03365384615384615 0.12980769230769232 0.0625 0.09134615384615384
0 0.43509615384615385 0.15504807692307693 0.09134615384615384 0.09134615384615384
0 0.5697115384615384 0.2403846153846154 0.09134615384615384 0.09134615384615384
0 0.8605769230769231 0.3245192307692308 0.09134615384615384 0.09134615384615384
0 0.9302884615384616 0.3449519230769231 0.09134615384615384 0.09134615384615384
0 0.7704326923076923 0.45552884615384615 0.09134615384615384 0.09134615384615384
0 0.8353365384615384 0.5697115384615384 0.09134615384615384 0.09134615384615384
0 0.3605769230769231 0.5901442307692307 0.09134615384615384 0.09134615384615384
0 0.5552884615384616 0.5504807692307693 0.09134615384615384 0.09134615384615384
0 0.7800480769230769 0.8701923076923077 0.10096153846153846 0.10096153846153846
0 0.7608173076923077 0.9579326923076923 0.10336538461538461 0.07932692307692307
0 0.8798076923076923 0.8894230769230769 0.10096153846153846 0.10096153846153846
0 0.8245192307692307 0.6754807692307693 0.09134615384615384 0.09134615384615384
0 0.41947115384615385 0.4699519230769231 0.10096153846153846 0.10096153846153846
0 0.5204326923076923 0.43509615384615385 0.09134615384615384 0.09134615384615384
0 0.45552884615384615 0.8846153846153846 0.09134615384615384 0.09134615384615384
0 0.5144230769230769 0.8701923076923077 0.09134615384615384 0.09134615384615384
0 0.12980769230769232 0.8894230769230769 0.09134615384615384 0.09134615384615384
0 0.6646634615384616 0.9254807692307693 0.09134615384615384 0.09134615384615384
0 0.5552884615384616 0.7451923076923077 0.09134615384615384 0.09134615384615384
0 0.3449519230769231 0.9615384615384616 0.09375 0.07211538461538461