0 0.30528846153846156 0.2704326923076923 0.10096153846153846 0.10096153846153846
0 0.6346153846153846 0.21514423076923078 0.10096153846153846 0.10096153846153846
0 0.23557692307692307 0.41947115384615385 0.10096153846153846 0.10096153846153846
0 0.4050480769230769 0.7295673076923077 0.10096153846153846 0.10096153846153846
0 0.2644230769230769 0.7199519230769231 0.0985576923076923 0.10096153846153846
0 0.09975961538461539 0.8449519230769231 0.10096153846153846 0.10096153846153846
0 0.36177884615384615 0.9507211538461539 0.10336538461538461 0.09375
0 0.8052884615384616 0.7752403846153846 0.10096153846153846 0.10096153846153846
0 0.5552884615384616 0.7848557692307693 0.10096153846153846 0.10096153846153846
0 0.46033653846153844 0.8545673076923077 0.10096153846153846 0.10096153846153846
0 0.9146634615384616 0.4855769230769231 0.10096153846153846 0.10096153846153846
0 0.5396634615384616 0.3401442307692308 0.10096153846153846 0.10096153846153846
0 0.5144230769230769 0.2644230769230769 0.10096153846153846 0.10096153846153846
0 0.7451923076923077 0.19471153846153846 0.10096153846153846 0.10096153846153846