0 0.2704326923076923 0.6947115384615384 0.10096153846153846 0.10096153846153846
0 0.21514423076923078 0.36538461538461536 0.10096153846153846 0.10096153846153846
0 0.41947115384615385 0.7644230769230769 0.10096153846153846 0.10096153846153846
0 0.7295673076923077 0.5949519230769231 0.10096153846153846 0.10096153846153846
0 0.7199519230769231 0.7355769230769231 0.10096153846153846 0.10096153846153846
0 0.8449519230769231 0.9002403846153846 0.10096153846153846 0.10096153846153846
0 0.9507211538461539 0.640625 0.09375 0.10336538461538461
0 0.7752403846153846 0.19471153846153846 0.10096153846153846 0.10096153846153846
0 0.7848557692307693 0.44471153846153844 0.10096153846153846 0.10096153846153846
0 0.8545673076923077 0.5396634615384616 0.10096153846153846 0.10096153846153846
0 0.4855769230769231 0.08533653846153846 0.10096153846153846 0.10096153846153846
0 0.3401442307692308 0.46033653846153844 0.10096153846153846 0.10096153846153846
0 0.2644230769230769 0.4855769230769231 0.10096153846153846 0.10096153846153846
0 0.19471153846153846 0.2548076923076923 0.10096153846153846 0.10096153846153846