0 0.7295673076923077 0.30528846153846156 0.10096153846153846 0.10096153846153846
0 0.7848557692307693 0.6346153846153846 0.10096153846153846 0.10096153846153846
0 0.5805288461538461 0.23557692307692307 0.10096153846153846 0.10096153846153846
0 0.2704326923076923 0.4050480769230769 0.10096153846153846 0.10096153846153846
0 0.2800480769230769 0.2644230769230769 0.10096153846153846 0.10096153846153846
0 0.15504807692307693 0.09975961538461539 0.10096153846153846 0.10096153846153846
0 0.04807692307692308 0.3605769230769231 0.09615384615384616 0.10096153846153846
0 0.2247596153846154 0.8052884615384616 0.10096153846153846 0.10096153846153846
0 0.21514423076923078 0.5552884615384616 0.10096153846153846 0.10096153846153846
0 0.14543269230769232 0.46033653846153844 0.10096153846153846 0.10096153846153846
0 0.5144230769230769 0.9146634615384616 0.10096153846153846 0.10096153846153846
0 0.6598557692307693 0.5396634615384616 0.10096153846153846 0.10096153846153846
0 0.7355769230769231 0.5144230769230769 0.10096153846153846 0.10096153846153846
0 0.8052884615384616 0.7451923076923077 0.10096153846153846 0.10096153846153846