0 0.8353365384615384 0.06971153846153846 0.10096153846153846 0.10096153846153846
0 0.953125 0.36658653846153844 0.0889423076923077 0.10336538461538461
0 0.8798076923076923 0.40024038461538464 0.10096153846153846 0.10096153846153846
0 0.875 0.5204326923076923 0.10096153846153846 0.10096153846153846
0 0.6394230769230769 0.5949519230769231 0.10096153846153846 0.10096153846153846
0 0.6899038461538461 0.5252403846153846 0.10096153846153846 0.10096153846153846
0 0.46033653846153844 0.30528846153846156 0.10096153846153846 0.10096153846153846
0 0.5300480769230769 0.07451923076923077 0.10096153846153846 0.10096153846153846
0 0.04447115384615385 0.17548076923076922 0.06971153846153846 0.10096153846153846
0 0.31009615384615385 0.08052884615384616 0.10096153846153846 0.10096153846153846
0 0.25961538461538464 0.16466346153846154 0.10096153846153846 0.10096153846153846
0 0.1346153846153846 0.20552884615384615 0.10096153846153846 0.10096153846153846
0 0.15985576923076922 0.31009615384615385 0.10096153846153846 0.10096153846153846
0 0.06971153846153846 0.44471153846153844 0.10096153846153846 0.10096153846153846
0 0.2704326923076923 0.49038461538461536 0.10096153846153846 0.10096153846153846
0 0.33052884615384615 0.47475961538461536 0.10096153846153846 0.10096153846153846
0 0.375 0.6105769230769231 0.10096153846153846 0.10096153846153846
0 0.49038461538461536 0.21514423076923078 0.10096153846153846 0.10096153846153846
0 0.5204326923076923 0.7596153846153846 0.10096153846153846 0.10096153846153846
0 0.7560096153846154 0.9555288461538461 0.10336538461538461 0.08413461538461539
0 0.06490384615384616 0.125 0.08173076923076923 0.09134615384615384
0 0.43509615384615385 0.43990384615384615 0.11057692307692307 0.11057692307692307
0 0.5805288461538461 0.20552884615384615 0.10096153846153846 0.10096153846153846
0 0.7752403846153846 0.19471153846153846 0.10096153846153846 0.10096153846153846
0 0.9194711538461539 0.1502403846153846 0.10096153846153846 0.10096153846153846