0 0.8353365384615384 0.9302884615384616 0.10096153846153846 0.10096153846153846
0 0.953125 0.6358173076923077 0.0889423076923077 0.10336538461538461
0 0.8798076923076923 0.5997596153846154 0.10096153846153846 0.10096153846153846
0 0.875 0.4795673076923077 0.10096153846153846 0.10096153846153846
0 0.6394230769230769 0.4050480769230769 0.10096153846153846 0.10096153846153846
0 0.6899038461538461 0.47475961538461536 0.10096153846153846 0.10096153846153846
0 0.46033653846153844 0.6947115384615384 0.10096153846153846 0.10096153846153846
0 0.5300480769230769 0.9254807692307693 0.10096153846153846 0.10096153846153846
0 0.04447115384615385 0.8245192307692307 0.06971153846153846 0.10096153846153846
0 0.31009615384615385 0.9194711538461539 0.10096153846153846 0.10096153846153846
0 0.25961538461538464 0.8353365384615384 0.10096153846153846 0.10096153846153846
0 0.1346153846153846 0.7944711538461539 0.10096153846153846 0.10096153846153846
0 0.15985576923076922 0.6899038461538461 0.10096153846153846 0.10096153846153846
0 0.06971153846153846 0.5552884615384616 0.10096153846153846 0.10096153846153846
0 0.2704326923076923 0.5096153846153846 0.10096153846153846 0.10096153846153846
0 0.33052884615384615 0.5252403846153846 0.10096153846153846 0.10096153846153846
0 0.375 0.3894230769230769 0.10096153846153846 0.10096153846153846
0 0.49038461538461536 0.7848557692307693 0.10096153846153846 0.10096153846153846
0 0.5204326923076923 0.2403846153846154 0.10096153846153846 0.10096153846153846
0 0.7548076923076923 0.04326923076923077 0.10096153846153846 0.08653846153846154
0 0.06490384615384616 0.875 0.08173076923076923 0.09134615384615384
0 0.43509615384615385 0.5600961538461539 0.11057692307692307 0.11057692307692307
0 0.5805288461538461 0.7944711538461539 0.10096153846153846 0.10096153846153846
0 0.7752403846153846 0.8052884615384616 0.10096153846153846 0.10096153846153846
0 0.9194711538461539 0.8497596153846154 0.10096153846153846 0.10096153846153846