0 0.9254807692307693 0.3605769230769231 0.10096153846153846 0.10096153846153846
0 0.24519230769230768 0.6153846153846154 0.10096153846153846 0.10096153846153846
0 0.19951923076923078 0.5252403846153846 0.10096153846153846 0.10096153846153846
0 0.3545673076923077 0.08533653846153846 0.10096153846153846 0.10096153846153846
0 0.36538461538461536 0.21033653846153846 0.10096153846153846 0.10096153846153846
0 0.33052884615384615 0.34975961538461536 0.10096153846153846 0.10096153846153846
0 0.6646634615384616 0.33533653846153844 0.10096153846153846 0.10096153846153846
0 0.8846153846153846 0.06009615384615385 0.10096153846153846 0.10096153846153846
0 0.9579326923076923 0.1346153846153846 0.06490384615384616 0.10096153846153846
0 0.875 0.6045673076923077 0.10096153846153846 0.10096153846153846
0 0.8197115384615384 0.7548076923076923 0.10096153846153846 0.10096153846153846
0 0.8305288461538461 0.9194711538461539 0.10096153846153846 0.10096153846153846
0 0.5096153846153846 0.6550480769230769 0.10096153846153846 0.10096153846153846
0 0.3245192307692308 0.7596153846153846 0.11057692307692307 0.11057692307692307
0 0.05048076923076923 0.8004807692307693 0.10096153846153846 0.10096153846153846
0 0.19951923076923078 0.9639423076923077 0.10096153846153846 0.0673076923076923