0 0.6394230769230769 0.07451923076923077 0.10096153846153846 0.10096153846153846
0 0.38461538461538464 0.7548076923076923 0.10096153846153846 0.10096153846153846
0 0.47475961538461536 0.8004807692307693 0.10096153846153846 0.10096153846153846
0 0.9146634615384616 0.6454326923076923 0.10096153846153846 0.10096153846153846
0 0.7896634615384616 0.6346153846153846 0.10096153846153846 0.10096153846153846
0 0.6502403846153846 0.6694711538461539 0.10096153846153846 0.10096153846153846
0 0.6646634615384616 0.33533653846153844 0.10096153846153846 0.10096153846153846
0 0.9399038461538461 0.11538461538461539 0.10096153846153846 0.10096153846153846
0 0.8653846153846154 0.042067307692307696 0.10096153846153846 0.06490384615384616
0 0.3954326923076923 0.125 0.10096153846153846 0.10096153846153846
0 0.24519230769230768 0.18028846153846154 0.10096153846153846 0.10096153846153846
0 0.08052884615384616 0.16947115384615385 0.10096153846153846 0.10096153846153846
0 0.3449519230769231 0.49038461538461536 0.10096153846153846 0.10096153846153846
0 0.2403846153846154 0.6754807692307693 0.11057692307692307 0.11057692307692307
0 0.20072115384615385 0.9483173076923077 0.10336538461538461 0.0985576923076923
0 0.036057692307692304 0.8004807692307693 0.0673076923076923 0.10096153846153846