0 0.07451923076923077 0.3605769230769231 0.10096153846153846 0.10096153846153846
0 0.7548076923076923 0.6153846153846154 0.10096153846153846 0.10096153846153846
0 0.8004807692307693 0.5252403846153846 0.10096153846153846 0.10096153846153846
0 0.6454326923076923 0.08533653846153846 0.10096153846153846 0.10096153846153846
0 0.6346153846153846 0.21033653846153846 0.10096153846153846 0.10096153846153846
0 0.6694711538461539 0.34975961538461536 0.10096153846153846 0.10096153846153846
0 0.33533653846153844 0.33533653846153844 0.10096153846153846 0.10096153846153846
0 0.11538461538461539 0.06009615384615385 0.10096153846153846 0.10096153846153846
0 0.042067307692307696 0.1346153846153846 0.06490384615384616 0.10096153846153846
0 0.125 0.6045673076923077 0.10096153846153846 0.10096153846153846
0 0.18028846153846154 0.7548076923076923 0.10096153846153846 0.10096153846153846
0 0.16947115384615385 0.9194711538461539 0.10096153846153846 0.10096153846153846
0 0.49038461538461536 0.6550480769230769 0.10096153846153846 0.10096153846153846
0 0.6754807692307693 0.7596153846153846 0.11057692307692307 0.11057692307692307
0 0.9483173076923077 0.8016826923076923 0.0985576923076923 0.10336538461538461
0 0.8016826923076923 0.9639423076923077 0.10336538461538461 0.0673076923076923