0 0.8653846153846154 0.18509615384615385 0.10096153846153846 0.10096153846153846
0 0.9399038461538461 0.2548076923076923 0.10096153846153846 0.11057692307692307
0 0.3401442307692308 0.20552884615384615 0.10096153846153846 0.10096153846153846
0 0.1502403846153846 0.5096153846153846 0.10096153846153846 0.10096153846153846
0 0.31490384615384615 0.5805288461538461 0.10096153846153846 0.10096153846153846
0 0.09014423076923077 0.4795673076923077 0.10096153846153846 0.10096153846153846
0 0.47475961538461536 0.6153846153846154 0.10096153846153846 0.10096153846153846
0 0.4098557692307692 0.5745192307692307 0.10096153846153846 0.10096153846153846
0 0.36538461538461536 0.6045673076923077 0.09134615384615384 0.09134615384615384
0 0.5 0.4050480769230769 0.10096153846153846 0.10096153846153846
0 0.3701923076923077 0.8701923076923077 0.10096153846153846 0.10096153846153846
0 0.6298076923076923 0.7644230769230769 0.10096153846153846 0.10096153846153846
0 0.6454326923076923 0.8245192307692307 0.10096153846153846 0.10096153846153846
0 0.8449519230769231 0.7848557692307693 0.10096153846153846 0.10096153846153846
0 0.7644230769230769 0.5949519230769231 0.10096153846153846 0.10096153846153846
0 0.125 0.11538461538461539 0.10096153846153846 0.10096153846153846
0 0.04567307692307692 0.3954326923076923 0.09134615384615384 0.10336538461538461