0 0.1346153846153846 0.18509615384615385 0.10096153846153846 0.10096153846153846
0 0.06009615384615385 0.2548076923076923 0.10096153846153846 0.11057692307692307
0 0.6598557692307693 0.20552884615384615 0.10096153846153846 0.10096153846153846
0 0.8497596153846154 0.5096153846153846 0.10096153846153846 0.10096153846153846
0 0.6850961538461539 0.5805288461538461 0.10096153846153846 0.10096153846153846
0 0.9098557692307693 0.4795673076923077 0.10096153846153846 0.10096153846153846
0 0.5252403846153846 0.6153846153846154 0.10096153846153846 0.10096153846153846
0 0.5901442307692307 0.5745192307692307 0.10096153846153846 0.10096153846153846
0 0.6346153846153846 0.6045673076923077 0.09134615384615384 0.09134615384615384
0 0.5 0.4050480769230769 0.10096153846153846 0.10096153846153846
0 0.6298076923076923 0.8701923076923077 0.10096153846153846 0.10096153846153846
0 0.3701923076923077 0.7644230769230769 0.10096153846153846 0.10096153846153846
0 0.3545673076923077 0.8245192307692307 0.10096153846153846 0.10096153846153846
0 0.15504807692307693 0.7848557692307693 0.10096153846153846 0.10096153846153846
0 0.23557692307692307 0.5949519230769231 0.10096153846153846 0.10096153846153846
0 0.875 0.11538461538461539 0.10096153846153846 0.10096153846153846
0 0.953125 0.39663461538461536 0.0889423076923077 0.10576923076923077