0 0.8197115384615384 0.7896634615384616 0.10096153846153846 0.10096153846153846
0 0.7403846153846154 0.7403846153846154 0.10096153846153846 0.10096153846153846
0 0.21033653846153846 0.6105769230769231 0.10096153846153846 0.10096153846153846
0 0.31971153846153844 0.7403846153846154 0.10096153846153846 0.10096153846153846
0 0.8798076923076923 0.20552884615384615 0.10096153846153846 0.10096153846153846
0 0.6153846153846154 0.25 0.10096153846153846 0.10096153846153846
0 0.9603365384615384 0.8245192307692307 0.06009615384615385 0.10096153846153846
0 0.06971153846153846 0.23557692307692307 0.09134615384615384 0.09134615384615384
0 0.8245192307692307 0.039663461538461536 0.09134615384615384 0.06009615384615385
0 0.03245192307692308 0.5901442307692307 0.06490384615384616 0.09134615384615384
0 0.025240384615384616 0.6802884615384616 0.05048076923076923 0.09134615384615384
0 0.08052884615384616 0.7151442307692307 0.09134615384615384 0.09134615384615384
0 0.5396634615384616 0.6045673076923077 0.09134615384615384 0.09134615384615384
0 0.22956730769230768 0.7355769230769231 0.09134615384615384 0.09134615384615384
0 0.11538461538461539 0.2800480769230769 0.09134615384615384 0.09134615384615384
0 0.3605769230769231 0.21995192307692307 0.10096153846153846 0.10096153846153846
0 0.3798076923076923 0.3245192307692308 0.10096153846153846 0.10096153846153846
0 0.1346153846153846 0.875 0.09134615384615384 0.09134615384615384
0 0.6646634615384616 0.6850961538461539 0.09134615384615384 0.09134615384615384
0 0.5396634615384616 0.06971153846153846 0.09134615384615384 0.09134615384615384