0 0.21033653846153846 0.8197115384615384 0.10096153846153846 0.10096153846153846
0 0.25961538461538464 0.7403846153846154 0.10096153846153846 0.10096153846153846
0 0.3894230769230769 0.21033653846153846 0.10096153846153846 0.10096153846153846
0 0.25961538461538464 0.31971153846153844 0.10096153846153846 0.10096153846153846
0 0.7944711538461539 0.8798076923076923 0.10096153846153846 0.10096153846153846
0 0.75 0.6153846153846154 0.10096153846153846 0.10096153846153846
0 0.17548076923076922 0.9603365384615384 0.10096153846153846 0.06009615384615385
0 0.7644230769230769 0.06971153846153846 0.09134615384615384 0.09134615384615384
0 0.9603365384615384 0.8245192307692307 0.06009615384615385 0.09134615384615384
0 0.4098557692307692 0.03365384615384615 0.09375 0.0625
0 0.31971153846153844 0.026442307692307692 0.09134615384615384 0.04807692307692308
0 0.2848557692307692 0.08052884615384616 0.09134615384615384 0.09134615384615384
0 0.3954326923076923 0.5396634615384616 0.09134615384615384 0.09134615384615384
0 0.2644230769230769 0.22956730769230768 0.09134615384615384 0.09134615384615384
0 0.7199519230769231 0.11538461538461539 0.09134615384615384 0.09134615384615384
0 0.7800480769230769 0.3605769230769231 0.10096153846153846 0.10096153846153846
0 0.6754807692307693 0.3798076923076923 0.10096153846153846 0.10096153846153846
0 0.125 0.1346153846153846 0.09134615384615384 0.09134615384615384
0 0.31490384615384615 0.6646634615384616 0.09134615384615384 0.09134615384615384
0 0.9302884615384616 0.5396634615384616 0.09134615384615384 0.09134615384615384