0 0.5300480769230769 0.2548076923076923 0.10096153846153846 0.10096153846153846
0 0.6394230769230769 0.5997596153846154 0.10096153846153846 0.10096153846153846
0 0.7896634615384616 0.5 0.10096153846153846 0.10096153846153846
0 0.07451923076923077 0.5745192307692307 0.10096153846153846 0.10096153846153846
0 0.06971153846153846 0.30528846153846156 0.09134615384615384 0.09134615384615384
0 0.09975961538461539 0.20552884615384615 0.09134615384615384 0.09134615384615384
0 0.11057692307692307 0.25961538461538464 0.09134615384615384 0.09134615384615384
0 0.9350961538461539 0.9399038461538461 0.10096153846153846 0.10096153846153846
0 0.9194711538461539 0.5949519230769231 0.10096153846153846 0.10096153846153846
0 0.19471153846153846 0.7848557692307693 0.10096153846153846 0.10096153846153846
0 0.7548076923076923 0.6346153846153846 0.10096153846153846 0.10096153846153846
0 0.6550480769230769 0.33533653846153844 0.10096153846153846 0.10096153846153846
0 0.7199519230769231 0.2644230769230769 0.10096153846153846 0.10096153846153846
0 0.6550480769230769 0.5396634615384616 0.10096153846153846 0.10096153846153846
0 0.5697115384615384 0.43028846153846156 0.11057692307692307 0.10096153846153846