0 0.4699519230769231 0.7451923076923077 0.10096153846153846 0.10096153846153846
0 0.3605769230769231 0.40024038461538464 0.10096153846153846 0.10096153846153846
0 0.21033653846153846 0.5 0.10096153846153846 0.10096153846153846
0 0.9254807692307693 0.4254807692307692 0.10096153846153846 0.10096153846153846
0 0.9302884615384616 0.6947115384615384 0.09134615384615384 0.09134615384615384
0 0.9002403846153846 0.7944711538461539 0.09134615384615384 0.09134615384615384
0 0.8894230769230769 0.7403846153846154 0.09134615384615384 0.09134615384615384
0 0.06490384615384616 0.06009615384615385 0.10096153846153846 0.10096153846153846
0 0.08052884615384616 0.4050480769230769 0.10096153846153846 0.10096153846153846
0 0.8052884615384616 0.21514423076923078 0.10096153846153846 0.10096153846153846
0 0.24519230769230768 0.36538461538461536 0.10096153846153846 0.10096153846153846
0 0.3449519230769231 0.6646634615384616 0.10096153846153846 0.10096153846153846
0 0.2800480769230769 0.7355769230769231 0.10096153846153846 0.10096153846153846
0 0.3449519230769231 0.46033653846153844 0.10096153846153846 0.10096153846153846
0 0.43028846153846156 0.5697115384615384 0.11057692307692307 0.10096153846153846