0 0.4699519230769231 0.2548076923076923 0.10096153846153846 0.10096153846153846
0 0.3605769230769231 0.5997596153846154 0.10096153846153846 0.10096153846153846
0 0.21033653846153846 0.5 0.10096153846153846 0.10096153846153846
0 0.9254807692307693 0.5745192307692307 0.10096153846153846 0.10096153846153846
0 0.9302884615384616 0.30528846153846156 0.09134615384615384 0.09134615384615384
0 0.9002403846153846 0.20552884615384615 0.09134615384615384 0.09134615384615384
0 0.8894230769230769 0.25961538461538464 0.09134615384615384 0.09134615384615384
0 0.06490384615384616 0.9399038461538461 0.10096153846153846 0.10096153846153846
0 0.08052884615384616 0.5949519230769231 0.10096153846153846 0.10096153846153846
0 0.8052884615384616 0.7848557692307693 0.10096153846153846 0.10096153846153846
0 0.24519230769230768 0.6346153846153846 0.10096153846153846 0.10096153846153846
0 0.3449519230769231 0.33533653846153844 0.10096153846153846 0.10096153846153846
0 0.2800480769230769 0.2644230769230769 0.10096153846153846 0.10096153846153846
0 0.3449519230769231 0.5396634615384616 0.10096153846153846 0.10096153846153846
0 0.43028846153846156 0.43028846153846156 0.11057692307692307 0.10096153846153846