0 0.6802884615384616 0.5396634615384616 0.09134615384615384 0.09134615384615384
0 0.5 0.13942307692307693 0.09134615384615384 0.09134615384615384
0 0.24519230769230768 0.21033653846153846 0.09134615384615384 0.09134615384615384
0 0.5805288461538461 0.8894230769230769 0.09134615384615384 0.09134615384615384
0 0.6947115384615384 0.9146634615384616 0.09134615384615384 0.09134615384615384
0 0.7548076923076923 0.31009615384615385 0.09134615384615384 0.09134615384615384
0 0.49038461538461536 0.40024038461538464 0.09134615384615384 0.09134615384615384
0 0.6346153846153846 0.5949519230769231 0.11057692307692307 0.11057692307692307
0 0.8689903846153846 0.9711538461538461 0.11298076923076923 0.052884615384615384
0 0.9519230769230769 0.9483173076923077 0.07692307692307693 0.0985576923076923
0 0.9579326923076923 0.042067307692307696 0.06490384615384616 0.06490384615384616
0 0.875 0.11057692307692307 0.09134615384615384 0.09134615384615384
0 0.9146634615384616 0.15504807692307693 0.09134615384615384 0.09134615384615384
0 0.9146634615384616 0.2704326923076923 0.09134615384615384 0.09134615384615384
0 0.6394230769230769 0.4951923076923077 0.09134615384615384 0.09134615384615384
0 0.9350961538461539 0.3954326923076923 0.10096153846153846 0.10096153846153846