0 0.46033653846153844 0.31971153846153844 0.09134615384615384 0.09134615384615384
0 0.8605769230769231 0.5 0.09134615384615384 0.09134615384615384
0 0.7896634615384616 0.7548076923076923 0.09134615384615384 0.09134615384615384
0 0.11057692307692307 0.41947115384615385 0.09134615384615384 0.09134615384615384
0 0.08533653846153846 0.30528846153846156 0.09134615384615384 0.09134615384615384
0 0.6899038461538461 0.24519230769230768 0.09134615384615384 0.09134615384615384
0 0.5997596153846154 0.5096153846153846 0.09134615384615384 0.09134615384615384
0 0.4050480769230769 0.36538461538461536 0.11057692307692307 0.11057692307692307
0 0.027644230769230768 0.12980769230769232 0.055288461538461536 0.11057692307692307
0 0.05048076923076923 0.04807692307692308 0.10096153846153846 0.07451923076923077
0 0.9579326923076923 0.042067307692307696 0.06490384615384616 0.06490384615384616
0 0.8894230769230769 0.125 0.09134615384615384 0.09134615384615384
0 0.8449519230769231 0.08533653846153846 0.09134615384615384 0.09134615384615384
0 0.7295673076923077 0.08533653846153846 0.09134615384615384 0.09134615384615384
0 0.5048076923076923 0.3605769230769231 0.09134615384615384 0.09134615384615384
0 0.6045673076923077 0.06490384615384616 0.10096153846153846 0.10096153846153846