0 0.3954326923076923 0.5048076923076923 0.09134615384615384 0.09134615384615384
0 0.3004807692307692 0.3449519230769231 0.09134615384615384 0.09134615384615384
0 0.21514423076923078 0.5552884615384616 0.09134615384615384 0.09134615384615384
0 0.4951923076923077 0.5348557692307693 0.09134615384615384 0.09134615384615384
0 0.31490384615384615 0.036057692307692304 0.10096153846153846 0.0673076923076923
0 0.4855769230769231 0.05048076923076923 0.10096153846153846 0.10096153846153846
0 0.7355769230769231 0.5300480769230769 0.10096153846153846 0.10096153846153846
0 0.9615384615384616 0.5444711538461539 0.07211538461538461 0.10336538461538461
0 0.84375 0.04447115384615385 0.09615384615384616 0.08413461538461539
0 0.11538461538461539 0.27524038461538464 0.09134615384615384 0.09134615384615384
0 0.21995192307692307 0.2704326923076923 0.09134615384615384 0.09134615384615384