0 0.6045673076923077 0.5048076923076923 0.09134615384615384 0.09134615384615384
0 0.6995192307692307 0.3449519230769231 0.09134615384615384 0.09134615384615384
0 0.7848557692307693 0.5552884615384616 0.09134615384615384 0.09134615384615384
0 0.5048076923076923 0.5348557692307693 0.09134615384615384 0.09134615384615384
0 0.6850961538461539 0.036057692307692304 0.10096153846153846 0.0673076923076923
0 0.5144230769230769 0.05048076923076923 0.10096153846153846 0.10096153846153846
0 0.2644230769230769 0.5300480769230769 0.10096153846153846 0.10096153846153846
0 0.038461538461538464 0.5444711538461539 0.07211538461538461 0.10336538461538461
0 0.15384615384615385 0.04447115384615385 0.09615384615384616 0.08413461538461539
0 0.8846153846153846 0.27524038461538464 0.09134615384615384 0.09134615384615384
0 0.7800480769230769 0.2704326923076923 0.09134615384615384 0.09134615384615384