0 0.3954326923076923 0.4951923076923077 0.09134615384615384 0.09134615384615384
0 0.3004807692307692 0.6550480769230769 0.09134615384615384 0.09134615384615384
0 0.21514423076923078 0.44471153846153844 0.09134615384615384 0.09134615384615384
0 0.4951923076923077 0.4651442307692308 0.09134615384615384 0.09134615384615384
0 0.31490384615384615 0.9639423076923077 0.10096153846153846 0.0673076923076923
0 0.48677884615384615 0.9483173076923077 0.10336538461538461 0.0985576923076923
0 0.7355769230769231 0.4699519230769231 0.10096153846153846 0.10096153846153846
0 0.9615384615384616 0.45552884615384615 0.07211538461538461 0.10336538461538461
0 0.8461538461538461 0.9555288461538461 0.09615384615384616 0.08413461538461539
0 0.11538461538461539 0.7247596153846154 0.09134615384615384 0.09134615384615384
0 0.21995192307692307 0.7295673076923077 0.09134615384615384 0.09134615384615384