0 0.052884615384615384 0.1502403846153846 0.08653846153846154 0.09134615384615384
0 0.07451923076923077 0.2548076923076923 0.09134615384615384 0.09134615384615384
0 0.25 0.06971153846153846 0.09134615384615384 0.09134615384615384
0 0.9615384615384616 0.12980769230769232 0.07211538461538461 0.10096153846153846
0 0.7752403846153846 0.25961538461538464 0.10096153846153846 0.10096153846153846
0 0.5805288461538461 0.16466346153846154 0.10096153846153846 0.10096153846153846
0 0.5252403846153846 0.07451923076923077 0.10096153846153846 0.10096153846153846
0 0.5649038461538461 0.30528846153846156 0.09134615384615384 0.09134615384615384
0 0.43509615384615385 0.2548076923076923 0.10096153846153846 0.10096153846153846
0 0.29447115384615385 0.38461538461538464 0.10096153846153846 0.10096153846153846
0 0.3605769230769231 0.5697115384615384 0.10096153846153846 0.10096153846153846
0 0.4651442307692308 0.5252403846153846 0.10096153846153846 0.10096153846153846
0 0.5300480769230769 0.43990384615384615 0.10096153846153846 0.10096153846153846
0 0.5697115384615384 0.5204326923076923 0.10096153846153846 0.10096153846153846
0 0.2403846153846154 0.9447115384615384 0.10096153846153846 0.10096153846153846
0 0.5745192307692307 0.9098557692307693 0.10096153846153846 0.10096153846153846
0 0.8197115384615384 0.875 0.10096153846153846 0.10096153846153846
0 0.25 0.19951923076923078 0.09134615384615384 0.09134615384615384
0 0.05048076923076923 0.08533653846153846 0.08173076923076923 0.10096153846153846
0 0.5853365384615384 0.34975961538461536 0.09134615384615384 0.09134615384615384