0 0.1502403846153846 0.9471153846153846 0.09134615384615384 0.08653846153846154
0 0.2548076923076923 0.9254807692307693 0.09134615384615384 0.09134615384615384
0 0.06971153846153846 0.75 0.09134615384615384 0.09134615384615384
0 0.12980769230769232 0.038461538461538464 0.10096153846153846 0.07211538461538461
0 0.25961538461538464 0.2247596153846154 0.10096153846153846 0.10096153846153846
0 0.16466346153846154 0.41947115384615385 0.10096153846153846 0.10096153846153846
0 0.07451923076923077 0.47475961538461536 0.10096153846153846 0.10096153846153846
0 0.30528846153846156 0.43509615384615385 0.09134615384615384 0.09134615384615384
0 0.2548076923076923 0.5649038461538461 0.10096153846153846 0.10096153846153846
0 0.38461538461538464 0.7055288461538461 0.10096153846153846 0.10096153846153846
0 0.5697115384615384 0.6394230769230769 0.10096153846153846 0.10096153846153846
0 0.5252403846153846 0.5348557692307693 0.10096153846153846 0.10096153846153846
0 0.43990384615384615 0.4699519230769231 0.10096153846153846 0.10096153846153846
0 0.5204326923076923 0.43028846153846156 0.10096153846153846 0.10096153846153846
0 0.9447115384615384 0.7596153846153846 0.10096153846153846 0.10096153846153846
0 0.9098557692307693 0.4254807692307692 0.10096153846153846 0.10096153846153846
0 0.875 0.18028846153846154 0.10096153846153846 0.10096153846153846
0 0.19951923076923078 0.75 0.09134615384615384 0.09134615384615384
0 0.08533653846153846 0.9495192307692307 0.10096153846153846 0.08173076923076923
0 0.34975961538461536 0.41466346153846156 0.09134615384615384 0.09134615384615384